row_id,freight_value
1,34.37844605590196
7,36.28793557314788
11,7.918609928958439
12,23.496152550777264
33,12.391626100909054
34,12.391627576912246
35,10.451409197475865
43,16.07112280804567
50,19.718413874525037
52,25.316975429367968
53,21.313648947029552
55,16.52381354731858
62,17.590817288249458
67,24.26609501561391
69,18.586966403776206
73,28.967750825235502
80,12.60780411566493
88,23.962526992646037
104,23.256552354371852
112,14.212398699429027
113,16.30031581263538
115,22.16491884541163
116,42.17383043759371
118,18.765381961234187
120,18.044130260398052
121,25.0832944111658
126,23.72778310710272
127,8.34812713701934
134,20.575217071242992
139,9.669263894280853
140,9.669265370284045
150,23.83660121411633
154,23.152817689415247
165,20.11801377079765
178,8.866281918528621
182,9.304759679880313
183,18.295950180183244
186,40.993977066139394
191,13.462247504358555
192,16.514098929395633
197,14.969255366677611
198,20.614274262684535
203,12.657065325356566
219,17.16594756009265
226,23.51037580334786
228,12.698510968893906
240,29.521939443675198
241,18.910008533520088
242,32.56471768527122
245,36.77362139020181
247,8.682965052634962
248,4.708569236212199
249,4.83753623144748
252,20.978948485086303
256,27.329025783811307
261,24.631496666702166
264,4.563050162267075
270,9.829022489468919
271,30.418167051961642
272,6.5559072331857
273,22.790055324257754
280,10.224039331531642
292,11.59161851741067
305,8.390327954627779
313,40.7825879380641
314,8.062771317742069
324,22.031615686140245
336,10.6273602746652
351,24.940393816443194
358,14.532099061171326
364,24.362665702156978
366,11.321344562065029
367,11.670375823773973
376,12.709663810045242
378,19.25342422850537
383,18.65077129148172
385,18.91022107797959
389,11.457095123617584
390,25.658215660911107
395,40.41820277721493
396,32.89107853360153
401,18.90268862929892
403,37.2299896758709
405,11.902450816551916
408,10.787696949919294
411,14.543394384188108
412,9.25158067578381
427,24.92592201249401
437,30.261242045407787
441,15.656013531606735
444,5.6457317156032865
445,28.33071005113077
446,22.44756641794125
453,36.79548066047728
464,4.166586390307145
467,13.967423509267238
469,19.085268545089537
471,21.726789391513766
473,14.974396850141876
475,37.3657148916961
478,7.258239070746164
485,22.98864383548946
488,5.940923218733456
489,5.621147141096664
498,19.297665551310775
499,18.967340092073844
503,22.31055752692743
506,11.240119452761157
507,11.77740457344332
508,24.19487450411871
512,13.64647955355099
513,10.058665629265693
517,19.73233856625905
518,36.937006087515
522,23.691525173559494
523,21.524194051611627
524,22.355878197025444
529,24.264375135867933
530,23.275892814363683
531,-1.8097960583537187
532,1.6655027033702083
535,5.546464734038842
536,23.784902125172078
540,3.2865084640989224
551,10.07864042916449
554,19.2397092368621
568,15.586644407443476
574,7.531153402457932
575,21.06264660887307
577,27.505129573233294
581,45.733369641553864
594,30.2453378435069
614,26.063291180907203
615,17.85449483968218
618,20.42488963072537
631,6.981182997268398
645,29.114233603855485
661,20.833304701421202
671,38.44466904120672
675,17.529563196953635
678,28.18999234358819
679,17.666800981303954
680,32.08398026078984
684,24.578411583872796
705,32.03281035809597
707,36.12274739396929
715,17.740510861770336
716,17.740512337773527
717,11.09063734040107
720,16.672015250541282
725,7.625785623507603
731,24.40966123248433
735,22.509608510069814
737,21.65027932367092
745,13.606422825147828
748,32.12946440678505
751,9.813368589737898
758,23.787872953395297
767,27.840501683863497
769,10.16041943101035
771,22.73403932593168
785,8.380318540584078
789,11.235147186153618
795,8.658831590854131
796,19.618506842611257
799,32.02467220785168
806,29.90611421052869
807,22.06958899480475
810,19.633951790074885
811,15.915311481244945
813,14.633807792618502
814,39.04936331625643
820,23.991355524822783
825,13.986227852435935
836,20.624886395272537
843,12.182484322721997
847,7.7015371517784175
853,33.788240533802494
868,6.55678693108748
869,22.562579376668015
891,25.299033642274022
892,24.743176648224665
897,10.888992496663572
905,35.660026314465085
906,35.66002779046828
917,11.583314735238211
920,23.179734822703086
922,16.518789954038528
931,19.761401538022316
932,8.39125340862848
937,7.980487765125854
943,28.38034056122243
947,33.985240292446235
948,23.46167336481272
953,19.150511236480664
971,15.565976837916455
989,22.464770086228203
996,10.869658332861473
998,15.850975098395505
1002,28.225544550362006
1004,24.709725910965478
1007,26.888451483093615
1011,25.426494366790653
1012,5.911766070751177
1015,19.37190072045802
1018,10.141319181358465
1022,12.343552177631942
1023,19.588495797345292
1024,11.102365331349134
1026,5.873548186631638
1027,17.611073832542562
1029,30.034537808749437
1044,21.06824994812718
1048,19.669052284549753
1050,55.75090504442332
1052,6.555576725333417
1054,10.459714343892095
1060,21.28505301672988
1061,17.95558706193187
1074,49.02768662109543
1079,14.626187903874378
1083,33.11461176937645
1084,61.34727504244012
1088,18.516616652279186
1090,22.020237558025524
1101,10.367171136659906
1102,24.094358051028603
1103,6.918566336191347
1104,3.5841329331278047
1110,14.54580312150473
1117,14.207330580220496
1120,29.274773485097132
1121,18.84526141121481
1122,47.341387364816356
1123,27.125127578796597
1136,26.601198659888315
1140,34.14809081992354
1145,12.85290842341523
1148,11.056740124391624
1149,17.712708031455794
1151,19.600109908023843
1157,6.388589299435829
1158,9.980492169115735
1160,2.987293150853077
1165,35.21803019581746
1166,16.100383876997984
1171,23.40572708831083
1180,33.77757728788045
1183,11.892154348612664
1185,33.26628180115554
1195,3.178020981220044
1196,31.086816536765138
1197,26.64295019339487
1209,20.08839031905072
1220,14.05849876980361
1223,14.428687989262375
1228,27.85536763946377
1230,9.173147681814058
1236,9.636764289809683
1238,12.269012442413334
1240,12.26901539441971
1243,24.41810692540574
1248,9.480749029491829
1271,37.94099865190806
1277,24.386465857178603
1294,18.153051073420027
1301,18.11352786242694
1305,29.923049698238326
1307,19.444491343458143
1309,30.370150860929808
1311,31.570065474905245
1313,25.082287909632388
1322,17.34054495076106
1324,23.692411420372157
1333,32.939015338819374
1334,26.271794134765056
1342,14.16455357180779
1348,19.67825278893063
1350,28.53006236010761
1355,15.04480392042814
1356,15.044805396431332
1360,13.400642793505089
1367,24.712876413202896
1370,29.515666050248544
1372,33.25455666833372
1375,11.275602541134141
1382,17.227052970806344
1388,29.769220668885918
1395,26.5769076380375
1406,24.05115974989693
1407,11.46764018915637
1409,4.008803415786765
1415,8.314487747657871
1419,9.688436445293377
1424,9.173434026433092
1425,14.40933906669547
1427,4.756728866765705
1429,5.865331250795283
1440,10.98246872353273
1444,12.160127867050186
1447,28.311113312030262
1448,16.588272281655296
1452,20.59253937286034
1455,28.20743097768911
1464,6.5379658390829505
1466,4.952016057225375
1468,33.20077204527888
1472,23.517455579411607
1476,16.488176998170882
1480,11.76164707039203
1499,34.9773398091251
1510,15.681028936911748
1512,14.047644086851317
1517,37.0543528698517
1519,18.109180318147732
1521,45.32680772860864
1528,8.77064493717377
1544,1.2883762458525183
1546,12.370447529458623
1550,14.126190222547084
1552,22.40289509564639
1553,26.899634324193034
1558,22.865567935345627
1559,19.612131193567297
1564,11.26877244686451
1573,12.825490496846179
1584,17.364498769539768
1591,10.123874787609388
1599,23.951371573897507
1607,39.220404548817996
1610,10.35746517510832
1616,16.80418271221949
1623,38.20444396835504
1634,14.932074799211168
1638,14.968329533385766
1639,31.491250364854363
1641,27.546633479727905
1647,29.01857294334273
1655,14.301150353971583
1662,16.20878126663538
1664,23.307534280295418
1665,9.370380817051661
1667,9.967418676351741
1669,13.547799964163119
1671,15.825789749818608
1672,17.82523651247796
1673,27.436572892735246
1681,20.973712617207486
1683,22.22933855751177
1685,17.607278589885663
1686,28.231074986428812
1698,15.132355936526569
1700,19.522874961385885
1715,19.480890629280257
1718,21.04456703287956
1727,21.2112462406788
1728,15.058026366926558
1735,44.66855484297666
1740,4.175568052324003
1754,9.173921107486095
1755,19.421278907434537
1756,16.011117404838306
1761,11.390962563070776
1772,16.129108178975034
1773,18.78815705897632
1779,33.81155085813569
1781,4.839797468335952
1785,9.997994165733893
1800,26.886812851663567
1815,23.16380441721572
1827,21.66415852441212
1830,43.91834182966892
1834,33.337802791823634
1838,8.381872771944103
1844,30.700412638884746
1848,18.274713590288872
1851,21.45118148270546
1852,7.028842033653412
1853,17.814866385716147
1854,17.81486786171934
1858,14.18834477927614
1864,12.182250609991225
1865,14.494863440571624
1870,25.06436593831987
1873,12.593758317235817
1881,12.961710099657502
1889,23.730385300728297
1892,5.654276169970615
1906,30.65589678587258
1911,27.596735135630947
1912,29.32047921222797
1916,3.5203900147120564
1935,25.475285057676263
1937,19.899721434432077
1954,20.092543722657236
1955,18.83596998813947
1962,20.78312903558847
1971,35.5943578230019
1975,32.3129174664285
1978,11.924678843205424
1979,16.245920681489185
1981,19.564376600898793
1996,23.401155341071533
2002,18.45711240689032
2012,22.13247648603821
2017,34.925742225599976
2020,9.357464477735043
2022,22.572985242945155
2027,13.545905494484678
2033,16.54348277841307
2040,5.368225197477635
2044,15.103398476439015
2053,14.946847574623536
2054,16.431295717310267
2062,18.74004505661834
2073,18.275045691006827
2074,17.699002196202233
2075,28.34747390741199
2078,8.698685407571539
2083,36.476335407190234
2088,25.54619733903421
2091,8.262576963024493
2100,12.328001030024694
2106,22.456678362562986
2107,6.7210648580556835
2109,34.539761186002806
2113,8.350682737840216
2119,32.08507466448748
2120,23.025010464135296
2122,24.39102024666511
2124,23.963067330193635
2128,3.9454017406078705
2135,23.21393372880677
2139,9.308164325520924
2140,7.288479227910287
2145,39.33004776115594
2149,26.115630748143996
2153,12.635794812402327
2163,29.87499142895162
2165,3.4364952375475895
2173,31.88096106320908
2175,25.086859577388818
2185,29.180140369496872
2186,24.212141397701988
2191,39.05092972997737
2197,31.82790640034649
2200,32.119827885430766
2205,30.079811480026937
2207,39.22739478054571
2209,9.349664504051532
2211,20.28141433824663
2213,11.971562954175404
2216,22.446869892629227
2218,36.081124091009855
2232,33.31489025526534
2233,29.480394637316532
2236,11.242685328758817
2243,9.195077769509286
2244,6.342965537646215
2247,27.721212120838143
2251,23.603539950719952
2253,15.04049025409191
2254,7.696464982502327
2262,12.869735372067986
2274,31.132045162946856
2286,13.799011404372067
2300,13.440387707947366
2304,36.275996617259594
2311,7.397004658495447
2314,27.16744884243818
2320,24.840982021412987
2324,32.31008460450123
2325,24.85711246536221
2326,6.878193989936257
2344,5.10799114084967
2351,16.573063989844247
2353,9.05863173183095
2356,1.8386053437861918
2371,11.360030700269867
2380,24.896732412862338
2381,16.629102192203792
2382,4.947225521140091
2394,12.485411492768122
2408,14.094879989079306
2415,36.266424710175215
2425,31.379336927885877
2427,27.189169273049874
2429,34.42701528677354
2431,28.46092905660497
2432,20.886191168490807
2434,16.638721555362228
2443,7.617163320926565
2451,12.566756944152917
2460,15.91378136577723
2461,15.91378284178042
2471,41.00483352893336
2472,30.296661666866743
2475,26.241320786891553
2481,45.118832689938074
2482,50.623912189973865
2485,30.848218147389904
2487,1.7229237674399016
2497,28.574363852187286
2498,20.51550500238668
2500,4.761095753717527
2503,30.402368869433328
2506,17.594232190917328
2508,33.83920402057353
2509,36.81231317755034
2511,15.508094368461418
2515,21.791247141281975
2524,34.26418198264015
2527,30.41843381370518
2529,14.019353853256181
2531,32.24073373841907
2535,13.338315871763044
2542,27.92081316683633
2552,9.081251598338042
2553,21.01911342280471
2555,17.77110020190999
2568,18.445509499902332
2569,32.871569863446155
2571,23.45497027754958
2576,29.79455300197475
2581,20.821479309224248
2590,17.54032003356875
2591,4.611311344914938
2610,22.83861563365227
2618,39.24407740228439
2621,29.95641799462859
2623,22.708558577709457
2625,36.2909087695479
2636,20.332802185488465
2638,10.775379367465074
2646,14.711255426112128
2656,19.205258045959784
2657,15.610948719658612
2661,27.174950045062833
2674,20.59861148283733
2681,26.495657894863076
2694,5.626330093205034
2701,4.809332185004159
2705,12.923900765904172
2717,17.400403808106706
2718,22.050639969200308
2720,24.750316595713134
2733,26.289096611178838
2734,19.72904628862359
2736,26.36276972585374
2738,24.333045171325193
2748,29.665858014330443
2754,12.16641601794949
2757,44.124854975944004
2765,23.426619109530254
2772,32.571549811768236
2781,11.632034574184893
2782,40.318182579282464
2784,20.705162083059026
2786,24.012751572489105
2788,24.01275452449548
2789,13.113842622482231
2791,20.460610628898994
2798,19.39826026700307
2801,27.394483943418752
2802,34.319644988002764
2803,28.327808514206584
2805,27.005182605291427
2820,24.55706339854186
2825,25.510288286068604
2835,5.688026779319685
2836,-2.2398601376321565
2842,12.68033792329253
2843,13.028354375933603
2853,6.969593694708017
2860,13.617691159685268
2862,23.71004387941021
2870,23.469681552001436
2871,8.65831806983817
2872,28.420668980102594
2881,33.65157664114183
2885,17.823398586083375
2888,10.22633468528366
2889,23.01957129780048
2895,19.221829729397914
2906,30.918623126525542
2913,11.844301347083544
2917,16.823841553186153
2922,16.54913202762258
2925,15.526958309896774
2926,22.09124615675459
2927,22.09124763275778
2938,10.215022160131511
2949,29.44507228193022
2950,33.75325133333709
2954,16.007771692282514
2957,15.37528283401905
2959,15.106063491279475
2963,17.77203276147137
2964,17.319673439482617
2968,45.54757069827514
2976,14.090855910287662
2979,17.463050968365227
2983,21.76889580046242
2985,13.437356048113283
2989,9.8548275744756
2991,9.854830526481983
2995,32.72785084868488
2999,24.148243109309778
3005,28.602127958173032
3006,12.165439050635232
3026,27.59060249352147
3037,11.507342098369584
3041,15.120213611393456
3055,12.125084250789612
3059,26.504826949897822
3067,24.685381465948428
3075,39.899505982356985
3076,6.409833697731347
3079,24.01768032553129
3081,28.88392869035491
3091,19.458065552294304
3093,24.876030977058125
3096,20.219394165626046
3102,4.88640929895363
3115,11.73961649542386
3128,31.763005561506287
3129,20.26738353032793
3130,21.517208908993258
3131,15.363870806593443
3132,15.999762182471859
3141,0.5053407404514232
3146,20.88570711803715
3156,10.924547685706663
3158,21.58559757658853
3166,12.610703974297817
3177,30.29158248039911
3178,16.754696674661528
3188,19.618013520497488
3191,10.735215114065195
3192,27.069122952073972
3196,25.144920959924438
3197,5.5015955258607505
3203,15.85655953500309
3205,14.252671233050922
3206,29.91107110252256
3225,22.963688360501738
3237,26.33152167697823
3248,29.824356530100882
3259,10.561333057405896
3274,19.961644188511958
3275,26.041750472117503
3276,14.973171346993059
3282,12.953084378024407
3283,18.533304311014763
3287,31.86350431492838
3288,32.25138618363317
3291,34.156415355910724
3294,24.5854293912935
3299,11.973778881137871
3301,25.54652193929216
3318,35.0341431583079
3326,11.677181537062232
3334,8.244348064682534
3336,15.646608002139313
3340,27.31416699721547
3352,16.481535842830713
3358,44.01239209802259
3364,12.034373334105588
3374,17.50439609022298
3385,24.94403939977713
3391,28.868846488174842
3392,13.181678024837836
3394,24.123066290310607
3395,12.030780594523314
3396,12.030782070526499
3397,25.16356584259992
3402,9.010105159989617
3405,29.29484139587885
3406,20.39786878891704
3407,26.31369118614695
3424,21.000905367499872
3428,24.369902769380392
3431,9.277610745681152
3438,18.18270991121145
3439,17.618210278174164
3443,34.68067161893153
3444,33.83885561144831
3446,26.378490995504787
3454,7.441318412927039
3468,22.628181836679563
3474,31.971288177530756
3475,16.780015837184596
3476,9.665516899313324
3483,48.99334669952401
3492,15.170877829972728
3493,15.170879305975905
3496,35.29760149569579
3497,4.077100701311075
3501,6.392049050915325
3502,7.385287540703743
3504,19.238625539039734
3506,3.9986760849217617
3508,12.543113664427704
3512,6.337394870474121
3513,17.293050890465512
3514,10.123881049100131
3515,9.381642037343372
3526,14.500442697165628
3528,29.079653881928596
3541,39.96256345587267
3544,9.919056139098938
3550,13.865833896608216
3561,25.06140738989753
3569,7.824216107704661
3572,27.81439577402529
3573,6.892491988039488
3574,6.89249346404268
3581,19.140305971963183
3583,12.204556698515475
3590,10.027154370305752
3606,22.473931421841765
3608,13.915768280334909
3609,9.91966921758032
3617,8.41612862557907
3623,27.664672876417303
3627,29.23408924315523
3636,18.178195567527926
3641,11.515272373373207
3649,28.503602132654212
3652,19.62525334321391
3659,31.279116553243586
3666,12.229597665056382
3678,27.509706659128316
3686,36.466358177720195
3690,48.71901148949033
3696,48.19504759194683
3698,20.805257561443337
3703,27.15041769553474
3704,27.907434077108423
3705,10.193492523541408
3709,30.14255921137536
3714,36.988003661531025
3721,23.13003158333886
3722,14.395115987897707
3725,31.365818382721027
3731,24.137980485101426
3740,25.106865317074483
3741,12.65887948114166
3749,13.847325110705377
3750,19.16975257219558
3751,48.80101238033582
3759,23.21542195315229
3771,21.363152769501628
3775,12.86876803292224
3776,25.916929881139186
3779,28.441903613153226
3783,29.81561909333247
3784,21.32754784209722
3789,17.670661112485153
3801,13.23670890278138
3802,35.17396703255466
3803,24.8699036537618
3805,1.9504037668853371
3817,20.56173742204118
3818,34.948251580870576
3822,14.167752741208648
3828,20.43761146211226
3831,22.39314266615236
3832,16.41949168454457
3836,3.984803990672056
3838,19.04274127420837
3846,21.382582615071644
3853,18.35978540582042
3859,17.146780349680885
3860,13.592445316524042
3873,17.599416957373517
3877,31.051428636335952
3882,19.63243387315295
3884,8.515289396229512
3885,5.652999924390109
3886,17.84539155682643
3895,49.14442465505351
3897,8.68667078587287
3899,25.09122990209187
3902,23.700966307197792
3904,14.768840071152656
3913,9.236251210650103
3914,16.527708135834462
3919,16.842643315364693
3920,30.650066452199905
3924,26.14933789262368
3930,32.08805305268868
3941,21.687363053117057
3951,5.768730239272962
3952,5.768731715276154
3955,23.299907264510555
3956,44.943402562034606
3970,18.487291210164518
3975,26.879361533981783
3980,15.82183496648199
3981,25.772720225928648
3984,19.111327917690087
3985,21.800872847651522
3989,35.78357653327613
4001,18.369908300822434
4016,24.80310856063662
4017,59.64102867719539
4023,28.672179369410554
4025,23.63211101645052
4033,5.298253503784409
4035,5.298256455790792
4036,5.298257931793984
4040,9.330906712696699
4048,23.71179441919462
4050,5.6313450469450075
4052,32.92147127824181
4056,16.181107044158157
4058,17.293672409102246
4059,17.293673885105438
4064,17.122801804922904
4067,8.416653115562063
4069,50.42591661110268
4088,12.61206484923984
4093,3.9915809081823497
4106,9.085253257965103
4108,17.698285240538876
4116,38.355550736477284
4123,5.82763448532166
4127,27.19035907357969
4143,14.427128192757717
4144,23.680242615280275
4157,7.609349369690598
4158,45.61229894821696
4171,27.538895927187543
4174,11.876695066658854
4175,18.518848236732058
4177,18.55761709149888
4191,22.438208814635995
4200,31.760456011067507
4203,8.673248979318934
4215,14.947726161688525
4222,16.113829250184803
4223,19.246202568571125
4233,13.535869841638835
4245,11.539222796118516
4249,12.826381256351446
4256,37.75173392407606
4261,26.4432191817702
4268,8.35420021796677
4269,30.094984952203372
4271,34.07591902942272
4286,28.96755346351505
4289,13.567797946653332
4293,23.29025168899324
4301,11.551857896823272
4304,44.787113911568795
4308,16.580526405507033
4311,5.52923789745298
4313,23.2940977092715
4314,7.048857683618948
4321,26.646517067757973
4324,19.839064148656963
4325,28.64074516788168
4327,21.073095666602942
4329,34.103802933602665
4337,18.64038720456954
4342,23.708841354389232
4343,23.708842830392424
4348,14.91516907350358
4353,18.69887010586135
4377,18.984103563786388
4384,22.520531923847987
4386,9.279020328728471
4394,18.535015701850316
4395,11.448118215885323
4404,11.201746908846843
4406,13.106082199110169
4421,26.42626870488157
4433,13.178100516818855
4438,27.86646146303622
4440,28.625951863307055
4441,22.741191552050513
4445,23.67941290277334
4452,18.406895826520174
4453,32.692614189037386
4454,33.33736844301383
4462,11.142920312522378
4468,16.670739012546324
4469,34.98950139675273
4470,45.16135337079896
4471,11.84830880700406
4509,17.374018517565094
4517,17.080193501537213
4520,24.07546500077557
4522,12.841323389194557
4524,15.500677623015424
4527,10.080553042107077
4545,15.324144942684999
4550,42.463010963304896
4553,11.312524591879345
4558,15.478882015776176
4559,10.831909912816226
4562,25.421999063958022
4565,5.717464929150729
4569,24.023251102795403
4578,7.04924734846135
4580,15.830083443100957
4585,7.16205505149221
4602,17.19940807621064
4605,15.479247837360678
4606,38.820437545980226
4608,33.6484646793312
4616,21.19745122385193
4617,23.828988919117318
4619,13.796567171668634
4620,15.157011437047306
4624,13.725162024432269
4632,11.834271275501688
4633,41.67469196761836
4635,42.776830667032826
4639,20.255005424306223
4640,10.932639431198549
4642,34.146676874667406
4648,0.19942669223946297
4653,14.883151999747188
4656,30.713589678427123
4663,24.819487645997842
4664,28.74748606658982
4667,3.506841354247449
4671,9.625760412924173
4675,22.570929894071536
4677,21.828750587914843
4682,7.44415143428645
4689,16.005911828438624
4695,11.905445610338617
4699,31.603180112395567
4708,25.78467162969908
4717,20.92249768813608
4719,12.847682769751096
4726,20.16924508782056
4727,11.689903058511852
4733,17.45440140724305
4743,18.690284814625965
4749,12.495693460921704
4754,20.426476460832422
4755,27.56655248118975
4759,22.388916271763836
4761,25.147230904918214
4765,22.617301899226337
4766,7.0441053318795035
4773,12.145706775932204
4775,35.48608544829928
4786,23.217684470711237
4787,19.75813432885437
4791,31.241444497607052
4802,28.876165048851366
4804,35.44953942367573
4807,10.470740752895104
4809,31.528927069059694
4811,6.345405517718923
4815,16.245321019569925
4816,18.733360062447804
4817,22.87076903877247
4818,8.563910382264801
4840,32.351731191007104
4841,43.34559677162744
4846,22.875305788230502
4850,48.017174426453664
4857,29.15167836712769
4858,7.607501567945825
4859,7.0051498720925665
4861,43.27414552365947
4869,10.548903319104944
4879,15.2844659590472
4882,7.377852010584817
4885,7.377856438594385
4899,23.460324955460454
4904,15.864807617096371
4906,18.20226557744569
4910,4.924601013611401
4915,9.766778147235627
4920,21.511942917634602
4923,25.202986776484682
4929,13.88936887858521
4932,37.1975039294431
4936,32.30022809165372
4939,18.92600783814385
4942,33.87807837500286
4945,31.121724627973126
4948,4.958759152036926
4949,35.881978900346326
4966,34.96231347957486
4968,8.63235294383674
4971,17.127112307588387
4980,28.577705303430346
4983,19.796141540145488
4990,10.257973340032592
4995,19.22664363651811
4998,4.193918340083357
5002,15.307011932525466
5004,21.384092870717257
5007,26.392482585257124
5019,26.829958772753574
5022,17.85420515682102
5024,18.35422501473335
5037,46.900704182983105
5039,3.3092050031204394
5051,20.367166696944654
5060,23.813047813083447
5061,15.769424621353085
5068,11.131967307301785
5074,38.12759033020953
5082,23.074284152798324
5092,20.987726870989338
5096,28.05422776771214
5109,30.492991263495785
5110,17.816742699170373
5111,44.31127062949339
5121,22.18213505001884
5124,22.166515468176595
5129,6.347223806851993
5134,27.937494132628405
5139,10.512590188699292
5145,33.615838354926126
5147,7.739792517917422
5152,20.770080904232753
5165,15.70934128117754
5175,20.875587421552755
5176,20.875588897555932
5179,21.134635768393235
5181,12.467196192298264
5183,25.108079966785102
5185,4.436144926591197
5188,20.680628920314728
5193,10.797235951755543
5201,12.904111957140977
5204,17.821170886207756
5206,27.441686862368147
5208,12.38309914870909
5210,23.90590541072857
5227,32.9557453423038
5240,6.322475731821484
5243,3.986880727161669
5247,31.548134584915847
5251,26.427659669358324
5254,15.016343381920041
5259,19.522185461957914
5261,17.049385081339924
5264,17.18852858987633
5268,4.7176600868918115
5278,10.343132529716208
5280,10.343135481722584
5283,3.609290599742458
5286,23.331780710872398
5303,20.79075545196226
5308,18.045086346326276
5309,6.53692155073869
5312,14.80453763031473
5313,14.804539106317922
5317,20.025856399018597
5323,19.237094436734264
5334,25.068263009072854
5335,4.577303172462301
5338,29.117238720229995
5340,12.666813910732373
5341,34.46905531499591
5344,10.672447335493352
5351,6.394779656818507
5357,33.00736917361341
5358,33.007370649616604
5365,9.092776402593067
5378,9.874907794462526
5387,42.02241264812419
5389,22.94334598749521
5392,21.04213714547429
5399,13.723143320702683
5401,25.116972194093893
5402,16.609307134774664
5405,17.29334672493186
5406,17.293348200935053
5422,10.708123208317552
5426,22.16892499666862
5437,1.3771376253757879
5439,22.656579785292852
5443,16.574444940829213
5458,8.586689257490171
5459,22.28214325314207
5460,16.922876259757327
5467,26.270876864328823
5468,14.108674284557342
5480,8.222251922351695
5485,17.807519105599997
5489,27.680472867316144
5497,11.528446665511407
5511,17.128124244009182
5512,27.54731345878317
5516,8.070449486341182
5520,21.29322239614604
5537,29.693038663504385
5542,16.10730633351891
5543,20.77191987810861
5552,18.13152144915262
5554,8.693804700925433
5561,19.813624650615413
5564,5.867201434323206
5568,23.489020931446074
5569,17.733059981940972
5570,15.786410086603606
5572,4.001610341253958
5577,24.698912684222808
5578,41.51387195758251
5582,42.6346951143221
5588,15.088964027224979
5593,27.61179588966309
5606,11.086359379859818
5607,11.08636085586301
5612,7.663775820095985
5615,15.299897203489667
5616,20.618332549183013
5621,7.719269927858775
5622,15.55201275482371
5625,28.90738957324916
5637,13.526017452518587
5641,16.916739574509197
5657,35.42265675391701
5658,16.155986971851153
5662,23.64059696653103
5667,20.39916116638881
5670,21.983115606110434
5674,17.85581622842877
5682,15.176448719267047
5687,20.026814196366953
5698,8.305671091631545
5704,13.962024247839299
5706,6.8026341203077365
5709,30.342535550199838
5711,29.897133048686488
5713,15.04072831683391
5729,26.080859352582014
5730,34.09623827136187
5740,4.8439725116927335
5742,17.26643779618922
5743,23.868426126390236
5747,39.59357602761516
5748,20.87367702890535
5754,19.38300462817624
5761,11.57689985734623
5762,28.37105366045164
5764,15.07644500113874
5769,24.787344905090134
5778,31.095527243505163
5785,13.033276817418912
5787,16.209746683124695
5788,16.057796591537997
5792,16.593496103725666
5793,16.593497579728858
5797,19.209790858085764
5798,7.063171721587519
5803,26.025563020273186
5807,5.222889655260786
5811,18.734102543890362
5812,7.089869097304501
5818,19.384371178118645
5820,13.826467631471903
5830,13.055990431101613
5832,26.99302355093032
5836,29.9056560188228
5844,22.04673988596399
5851,12.248015029114228
5852,20.763821236952
5853,16.540646111211647
5868,35.199101155926115
5873,29.60554345651563
5876,7.169572350979884
5883,20.319761195898383
5887,13.95145127341539
5888,15.23794492057758
5896,23.680944514596728
5898,12.245391378229648
5911,22.383740072364656
5916,9.271769076344636
5921,12.352212095905344
5929,26.08712345347713
5933,2.7377639090564543
5943,24.44930941345655
5944,15.183644401173172
5949,10.538709771719411
5959,33.43340275726618
5961,27.694131600854096
5965,8.005898849160808
5966,15.49138534316204
5968,17.788839236963202
5969,14.658617025499549
5972,35.17594671985623
5973,35.17594819585942
5975,20.91592950886356
5982,24.776320415757777
5987,13.724011210578936
5989,28.481506117319984
6002,15.129252223935541
6005,35.43015974749012
6010,35.01979083848401
6011,5.5119872643536425
6012,16.93757240988548
6021,20.383166357134844
6022,10.43882835863429
6026,26.15166072022937
6037,25.079652655651987
6039,9.68368392251731
6048,14.874536137667338
6049,21.8799409872797
6051,14.489983662876629
6054,28.85794058357583
6058,36.58603287071267
6059,21.225979092856203
6070,21.071023729067196
6081,9.397880981696112
6097,23.249604042088695
6099,10.57562319479376
6103,4.3755677858941695
6109,27.148758983077645
6110,23.42981862528241
6112,26.842646530353175
6117,6.296325837991681
6123,10.031358576756979
6124,31.434404361607864
6137,36.953247094806656
6139,8.21252574722314
6143,11.73707727598692
6149,19.071272230339478
6159,5.265614108255171
6167,18.96036352331362
6173,15.252333307640857
6183,26.265315932480792
6185,17.993472628340303
6193,22.22568749342776
6197,26.5302393235165
6202,14.265888939795392
6205,23.669512636229744
6215,23.102364975365877
6227,9.320320942905617
6231,18.05601745354618
6235,7.243410528992868
6238,16.403484765636055
6239,13.426438182492895
6240,32.84813931563633
6258,20.47814152686723
6261,19.96551658414585
6263,16.57717465529767
6264,25.204259787698394
6266,25.01876773083961
6271,31.398110031139463
6278,13.142696254469065
6280,13.142699206475442
6286,9.180610353947301
6288,10.38965938050918
6292,21.544242350734226
6294,22.036976025672093
6295,17.51171947959752
6309,25.214984797352574
6315,22.647599578772873
6326,38.548223534298955
6343,16.4014353109138
6347,6.198394435044939
6354,14.824682355817448
6355,8.241727863132933
6358,16.22721807101107
6369,5.21178467536285
6372,21.628018344017935
6373,16.663900864603153
6377,3.122355673047956
6378,24.660907383675717
6379,10.351596556158743
6394,18.409861721899542
6399,29.404771576365942
6401,36.14911231376337
6403,21.43041960430634
6405,20.836911733626483
6409,15.886374019702817
6412,32.13826845715951
6417,20.81864439777365
6420,14.016743848301477
6426,10.829175215273278
6431,34.95621219378383
6432,17.570775734914438
6446,10.762482990949714
6450,12.492705067586634
6451,27.402892949542096
6454,25.27440772439873
6462,20.273751282584048
6464,25.868930334476683
6468,11.402290971389412
6471,14.789569662257751
6473,25.422313605967258
6475,10.456144251557067
6486,17.63426249248535
6494,26.266388457395156
6505,22.71989498653355
6507,28.657517107276465
6508,27.404200632020153
6512,22.610586352463717
6516,16.278046491326382
6518,16.278049443332765
6525,11.836135741458598
6527,29.52361976200613
6529,18.851155288999838
6531,19.116914354096007
6532,31.707861167854535
6537,28.340460856878916
6541,43.87245085648918
6542,18.270972143161348
6559,14.257621747753237
6573,16.42840218568306
6576,18.881530981183122
6580,18.425663392331426
6581,30.539334293600252
6593,33.01592014484498
6598,23.405640237729482
6603,24.372316068689994
6608,19.092289577903646
6610,10.525920023988434
6624,3.8417652209838664
6626,3.8417681729902426
6636,24.37087685001001
6643,30.73094010679009
6646,20.93888444090604
6647,26.796314166137908
6649,3.4295063086123534
6651,25.30389559441976
6664,11.342192552010928
6671,8.640419652556993
6675,13.384273679134015
6682,21.98213123607181
6693,15.225325553361163
6698,23.72453884040129
6705,28.35751260406457
6706,29.900046252540893
6709,9.74763266152317
6713,29.806045271633085
6714,15.172507332017336
6722,34.5086475641687
6728,13.400499377304957
6729,13.400500853308142
6732,23.725431440246194
6736,9.23577996756745
6739,27.92740421153788
6743,14.211810286271426
6745,15.469382889456075
6748,26.445943069062682
6756,6.996447825018528
6758,5.7010527077974515
6765,13.911492252055758
6766,22.917149627375796
6768,20.890058811516678
6771,14.331996878475056
6778,28.044794443543022
6785,34.12700270755269
6786,34.12700418355588
6787,4.290012074684668
6788,24.102750605172115
6790,6.817079307537817
6796,34.98037658008606
6817,22.306929606696716
6818,9.057147674543998
6822,18.286886625502806
6823,23.182707077665714
6825,9.893869325504845
6830,35.97111964623822
6833,10.179096789753409
6834,33.73300234597484
6839,45.77567991571652
6840,31.910123865251702
6844,29.25553260792687
6851,19.834297854022022
6852,29.283233935387432
6858,27.207261655729173
6861,31.087418938301777
6862,34.69241154456991
6869,6.575769680896634
6874,11.570833672594212
6884,13.568033460138672
6885,25.57529612641945
6891,15.338250150871819
6892,14.643639225317276
6895,18.546009727250873
6896,13.554790551849358
6907,22.075892143889906
6908,10.06569580943112
6911,13.655924497969629
6917,36.578453511214335
6920,21.128611688489467
6934,8.609076046906061
6940,11.96304258294186
6941,25.575689405849747
6948,18.368704452068602
6954,24.874554539816348
6959,26.812077584602807
6962,33.634604990216104
6966,11.867264590560303
6977,9.240773684427047
6982,11.059104991211136
6983,25.691694929863477
6984,15.648302762607674
6990,9.927654869352317
6994,8.952385663144959
6997,18.67976553364912
7002,15.713735091871673
7011,28.393282709215928
7015,35.38967046679423
7021,20.65338938083484
7022,21.48769244873637
7027,7.452239264931684
7035,21.08669555778167
7044,4.232986042618705
7050,5.944529026798769
7052,5.553924093081001
7056,18.867129554907034
7058,15.023766797015217
7059,13.097061856433925
7060,28.082120599111615
7091,26.469439749144133
7096,14.236706829997122
7099,13.459631128979801
7102,17.43420618506985
7108,14.195534202863403
7111,22.523912704620276
7115,10.327827017893974
7116,7.039515857184092
7120,45.23033656501883
7123,24.171716597607624
7129,20.313380079896593
7136,11.522980043418741
7140,15.966637692343443
7144,30.144871441426954
7152,17.348393156977675
7153,13.854957178685023
7155,26.055571265010915
7166,26.033533562048806
7171,9.79216013758959
7176,36.666619161311445
7185,38.64704292862268
7194,22.67326881657662
7198,7.3766287543549325
7199,6.651949817253879
7204,14.87059597251395
7218,14.868874226934285
7219,21.294143720382696
7220,8.549359664137185
7224,17.46462349570506
7225,16.3297864722982
7226,41.97345965177145
7228,8.33016521893218
7237,19.21687322201112
7240,10.188916020930463
7241,27.00689875974651
7247,5.375910746092707
7249,16.59261241556334
7250,3.393856089426613
7251,4.665355856785297
7253,16.21942475323569
7264,12.226575265731988
7271,4.29070531346089
7275,41.88627148443361
7288,22.15454833528123
7289,25.21882095483335
7295,12.766967636414797
7303,8.655020561361596
7305,4.233371279451532
7306,26.295846373770868
7310,22.596436580099667
7315,33.012633495354066
7319,20.234663701092106
7331,20.521725513840384
7332,19.915421750755844
7340,23.612149667495576
7349,15.556577679728097
7356,34.33429590046208
7357,10.360872395960321
7359,14.584703999924205
7363,25.37964854208985
7369,19.426078049355088
7382,10.96345799409847
7387,42.32986426557875
7392,19.24436423944599
7397,21.456673639835987
7407,21.191943560373804
7413,13.914877676779412
7435,16.725469042254804
7454,16.203961006774694
7455,16.395197635624722
7462,34.96305315360789
7466,9.645959789689051
7470,7.795942490628224
7472,16.587736344607382
7478,10.563652145993693
7487,29.83679440631683
7489,25.177286915255554
7494,30.764316170537885
7497,23.981659487982856
7501,2.2645194050622877
7505,4.004578621682207
7509,23.30428312797301
7510,36.414138581702346
7511,17.93365208174288
7515,10.766235918054697
7534,30.51589623983303
7543,15.868702789517183
7548,13.40885036541858
7550,0.5744408722822456
7559,23.83061729688072
7565,15.93356188061681
7566,20.322656197067165
7568,19.292339387941585
7578,21.36877191364943
7591,29.28747625666401
7593,12.214920773527986
7595,21.636222005704933
7598,16.52864375134104
7603,25.420898430734066
7612,19.210572654664606
7618,10.421105514312835
7620,31.308238694237208
7626,14.123397273149909
7628,17.077130959376998
7633,19.940494638544212
7653,20.513167351873225
7668,10.812722619779603
7672,25.473928577331026
7677,10.293872220116178
7680,28.116504286273955
7689,8.480222745487275
7691,30.035691596288476
7694,9.828998379900135
7700,35.08197157335458
7709,47.982799906599766
7715,39.409092396580064
7717,26.481348931396848
7719,8.275763523699062
7721,34.85720471562681
7724,34.85720914363638
7728,19.479387688289453
7733,15.545665928548093
7736,9.180509084822294
7757,11.409873661958194
7758,18.88327561695478
7777,26.775494634355784
7778,6.3867728807731865
7782,18.414013477873315
7784,2.588371059483002
7787,28.34386102644972
7796,32.048825447553995
7802,23.9990532930255
7807,24.16772688560339
7817,19.140858267482916
7818,37.214695617610815
7825,11.917104373738841
7826,8.568350199863069
7833,22.439029821948157
7839,12.004637252114573
7844,30.515442336152457
7846,16.28370686084668
7865,21.99742229812249
7870,40.49022300558991
7872,3.2840914090723956
7873,21.029330448925425
7883,12.578374445004322
7885,17.67315691383185
7892,27.256737501993587
7895,27.256741930003162
7899,15.71843587896603
7903,24.531594169815552
7905,17.314611885411683
7910,16.3870361796284
7924,12.65703068402373
7926,12.657033636030114
7927,12.657035112033306
7930,10.551412728723765
7942,30.619884356633445
7948,3.060429328966702
7950,23.6677911181072
7954,22.53900784879085
7957,11.091147328707287
7960,17.40814249283665
7969,19.770237954630385
7970,11.956290235171352
7973,22.52375716932244
7976,36.26250662128686
7989,25.949259714911893
7998,23.4694605034227
8003,5.481485057335789
8010,12.738753128751704
8019,41.16623334041026
8021,15.24109323538379
8022,17.08741478897797
8026,20.4553821298078
8029,19.127863469278633
8037,8.718256053752892
8039,13.190184701416776
8040,24.624294204083963
8048,17.661275450263492
8052,22.90841437073558
8054,9.98482925426707
8062,31.333013575927882
8064,14.714857786327475
8074,17.903571134251347
8086,36.2332087376236
8089,32.73091778312035
8090,11.918305330367115
8093,11.91830975837669
8095,20.410963314390496
8100,25.18453597681165
8101,4.791523654207218
8104,22.335793286818888
8112,10.69140390797644
8127,9.526085116985989
8128,19.690408953869085
8132,3.5690433125407495
8137,21.40093686045878
8144,22.864576994936687
8147,24.617019572704212
8151,5.373779409483248
8153,39.73795041414449
8160,29.636971831730595
8170,14.023174354492031
8171,24.61904365031378
8183,6.616993305632754
8187,27.073294910027375
8190,26.5259361812401
8202,28.431189876089906
8220,15.762993779141201
8223,31.82186123382323
8248,9.155388195801777
8250,20.152484183930493
8251,1.5290125329348925
8255,34.44623954291292
8257,8.690558285345375
8264,5.840892717125428
8281,6.55233530289096
8282,5.131648043375542
8285,12.494663961649206
8290,7.16735014916371
8295,14.555807639030409
8299,4.087827277376668
8316,55.85706682809962
8318,12.510291977893221
8325,20.096387262147307
8327,35.40503562205467
8328,8.360231839187996
8332,2.6080324191746556
8336,17.200472457725997
8340,38.54548961463368
8344,14.62156418158148
8346,20.149733834840777
8350,52.40554395385122
8352,25.8012959116562
8360,19.537968647407215
8383,28.85695239079588
8386,11.75756281954289
8392,28.817975701286233
8398,14.46633750720812
8399,10.584978981680216
8401,40.21056168440097
8411,25.174610832803733
8427,11.98474882254289
8433,3.2234069873223845
8434,33.02759649096558
8447,11.577593350635517
8454,11.020328137638227
8458,20.195711830839944
8460,20.195714782846327
8461,14.053571583050125
8463,14.7265445636197
8464,27.6140869394907
8474,28.803782938855452
8479,20.192137033838574
8482,9.040406169317784
8483,17.46338493777615
8490,29.959938523272708
8493,22.30728998091683
8495,19.89191641804376
8496,26.976492635596447
8503,28.834723967008802
8508,3.8786074620329387
8516,43.664793959252705
8517,17.883960546554828
8519,22.12181383203512
8530,17.140017997807394
8537,8.29596557237614
8539,21.723010719043987
8542,22.358261777661166
8546,46.68151058618298
8550,6.977448179008647
8559,15.626932070858953
8561,6.464770322140147
8563,17.799053546673814
8566,26.173240528094684
8567,7.982577323471212
8574,36.443399293000965
8582,10.043019394519021
8586,32.65532218474998
8590,3.445978558049191
8593,13.278451773721152
8602,26.93952987538471
8609,2.8952742392258486
8611,14.976733091987551
8612,24.02958835371648
8615,25.146948053425948
8616,14.829612679589122
8620,13.737120737147244
8623,24.95949469127247
8627,7.887286491262309
8635,12.371646816341183
8636,58.02949855879177
8640,18.510446996215666
8659,20.672004480808088
8669,8.263909044402588
8670,7.0961261649779175
8681,12.885244830299719
8696,28.236242380959784
8700,24.357297284289462
8701,22.15260805777861
8710,20.79360788420985
8714,14.770462274220097
8715,12.941296451049944
8718,31.711339287477276
8724,26.321795477801107
8735,30.10254944726191
8754,35.238540517654826
8755,21.525106207562136
8763,2.8947655390337346
8765,20.898947541172564
8774,12.96563612564
8776,41.53606538223933
8781,15.281070900152283
8790,8.075281920788221
8803,8.219786854032684
8805,6.19248450584049
8812,32.03525645628176
8821,17.829352113572558
8824,19.470003272695354
8834,18.768880120314538
8838,21.389060026340413
8841,18.511679419112877
8843,12.181987815644938
8846,19.596125967837946
8850,12.826456655114598
8861,15.633599949001567
8862,15.633601425004759
8870,36.930727325085556
8874,21.690361433702048
8884,15.383206387162861
8891,45.23870685088863
8892,29.688343436506987
8899,34.87606388640887
8901,14.477842896916474
8909,16.032856026377363
8912,17.177247724419676
8917,13.665973742578792
8923,18.08789248759439
8929,19.66057042599223
8937,19.631951750021546
8942,27.420455292335387
8943,12.59390076137084
8945,14.443033168152116
8947,24.880238491470113
8951,23.95548024112026
8957,17.9386218494022
8959,32.27784912828005
8987,14.016439407115204
8988,30.789199721256626
8997,8.392439478787828
8999,18.06831766657854
9000,18.068319142581732
9017,15.815165937541398
9021,9.074987918375136
9028,16.32334957491611
9033,41.34922707508751
9037,22.390289863273015
9042,3.6847082338695216
9048,18.51694165988074
9050,16.049404887592974
9055,9.8767200418283
9056,16.38345878891298
9060,10.57999364024204
9061,33.670519045234116
9070,10.767650874142774
9087,18.138666301063655
9095,33.783005443315744
9098,32.13202024302289
9107,25.653255759730587
9110,20.874573925848242
9117,19.728272015555422
9118,14.547506407995552
9119,21.37389021616379
9120,12.64293909807024
9123,14.318801070726497
9125,15.549575780709365
9129,29.229447704622988
9142,16.416631703553794
9156,13.802802890613712
9160,26.851561564522402
9164,7.363468056118535
9165,12.975810222406004
9166,19.538886691671284
9171,15.414381332005153
9188,29.720854202947212
9189,20.719188416316005
9190,20.719189892319196
9192,33.07084536947551
9193,24.05407147475545
9194,24.044535541131072
9197,35.172352841324056
9200,23.58190056106547
9204,13.23126624472409
9210,21.07698322740556
9211,17.27155805125849
9217,29.18296941206655
9218,12.319733858601893
9224,16.870503209498597
9225,18.538119035023033
9227,26.59732613744234
9232,11.280090439332419
9245,19.247099273358746
9264,12.887218508545093
9281,8.340146638648712
9284,19.075899500342974
9287,9.687378349962266
9294,22.147783773935675
9295,10.56883733841173
9296,23.860059134829395
9297,14.507940223185049
9298,33.678324900872184
9302,6.6032087556781605
9316,17.622387487572734
9321,6.569263586060245
9325,29.076029852315873
9329,51.449786887638
9337,5.474384386484964
9342,32.992977341968995
9345,19.679514321007918
9347,26.78840739407045
9349,40.21943567939985
9352,29.93492709591558
9356,18.672921983335844
9358,1.1200076269134271
9361,14.682908644535463
9367,11.481684523781794
9373,15.956749879738513
9378,23.91205739202829
9385,19.52198252890854
9386,19.521984004911733
9390,24.49189825112047
9391,22.89088276734096
9420,10.918152398927198
9424,24.935703202887627
9427,31.141671082606674
9429,18.309628480569547
9430,14.674002733549859
9446,28.73352370887108
9454,20.712522231103765
9457,24.93898492287129
9464,34.80213919908361
9465,9.485758396504643
9466,24.808357253757936
9467,14.939854269264092
9472,28.238046297389015
9474,9.36846660552009
9475,2.4041954060961856
9476,32.71263406730657
9477,9.51497652699376
9483,30.02854914461823
9484,13.248801182261367
9498,27.782148774163606
9503,35.77201861832688
9522,17.161331412023774
9526,26.770555600370525
9528,31.60305229231874
9529,22.267632198341378
9531,26.419188139560124
9533,9.24007413240033
9549,12.148030733155029
9551,32.57967347739037
9555,12.873203526120644
9560,46.37230660284172
9567,46.81196417346612
9569,32.464831951749204
9584,17.42813271869245
9585,17.587764025387084
9606,5.612273375681433
9612,41.99518212075837
9614,41.77168475772105
9615,21.13854681671982
9617,15.301873068129058
9627,14.556238306541747
9636,10.809742923186043
9656,12.04169949206922
9659,11.6869553259641
9676,17.169478323458865
9683,12.238478776256088
9689,12.975525096969193
9690,16.1129653281973
9693,27.998031018864236
9699,16.892095569320237
9703,10.648708151923817
9711,9.826876974498028
9725,7.067564071022048
9726,29.12935356472845
9742,31.767910050618827
9749,12.61216571166495
9757,15.19255157762672
9760,20.736696470842833
9762,25.896812329189242
9763,21.399817693598298
9764,7.9029591539936845
9768,33.69209422085646
9777,29.617332521112484
9783,25.908140938065518
9796,41.45754698113541
9799,38.607818059942105
9808,28.863065585792736
9811,24.294656062826004
9814,6.777786467381503
9831,33.00337565503597
9833,31.71149113179384
9836,37.04758061361578
9839,20.184705534281765
9840,21.9321400973968
9841,20.184708486288148
9846,23.78412044210889
9851,30.234868933783037
9854,-0.6799231058215973
9860,19.604630753808127
9862,16.15196813718696
9863,22.54520830964695
9868,14.398632520206743
9883,37.01552442585812
9886,14.944487727693105
9887,0.426981800812392
9892,4.751910672079553
9898,20.485239133572666
9904,30.46087125882541
9906,14.370876096946748
9911,12.580533086091194
9915,24.822614383222348
9921,14.278654597714382
9927,19.073092320040264
9928,20.59746083593203
9929,7.333952014407863
9930,14.379614105470676
9938,20.338126965687014
9940,11.535206335631468
9971,32.71855860540799
9972,29.676520661381577
9977,22.679786504686664
9978,22.236166211977707
9983,13.368975591400748
9984,22.266208808447036
9989,34.18776253131158
9993,10.0938402657074
9995,17.517974517863824
9996,22.080451517746628
9997,9.093948392762751
10005,8.496867285239766
10010,6.550579762352463
10012,33.311377202243676
10022,14.86149073312696
10026,4.207458323598097
10027,4.207459799601288
10031,21.592240818189826
10032,4.9487393087433915
10033,17.808069492250294
10036,4.578562156852961
10040,17.81709535937448
10049,24.433230881735287
10050,19.206124785749584
10052,18.06370602541161
10069,8.732567387042224
10070,20.842382157283115
10071,20.088819216960193
10074,11.67471803809449
10079,14.154291484858167
10093,6.932567766434552
10094,17.787558826196292
10100,20.258647080398124
10102,24.97808949689261
10122,15.816796921067354
10125,20.085272056002868
10127,24.766206124654875
10130,9.319876739866267
10142,31.55118138730838
10148,11.21390973852061
10150,16.479749658312247
10158,16.163890987502587
10159,22.707580134849852
10164,30.844179911863225
10186,25.630428207242023
10187,25.630429683245215
10193,17.473251096939283
10195,30.92322053685776
10210,16.41934390113101
10214,19.929204317380385
10222,17.271658318643208
10232,39.29526558139938
10238,28.62512514246262
10245,34.70305334942516
10248,29.46029316260748
10254,7.416110726380737
10258,22.376858858627724
10263,15.859062326399016
10264,23.985473372929835
10272,20.93398888235375
10274,6.092908769750224
10277,13.55929561513387
10282,22.71162538621896
10283,10.15816371150877
10295,5.442556237180732
10296,5.84715086584081
10299,13.10016908431242
10300,18.992496225460304
10301,18.911352598489213
10303,11.32029784092478
10306,22.310776102882304
10308,9.249979333584097
10310,10.257300399589713
10312,6.402102108648613
10322,13.551247377692636
10329,23.089152507855903
10339,31.95079455636918
10344,9.361671790009588
10347,18.644677467853757
10353,20.40607771734142
10360,9.907028752027212
10361,27.98591600781649
10362,44.90043841704127
10363,12.856013331760593
10366,20.663116239162743
10371,14.518867311233382
10374,1.9600996318464325
10378,16.544586753513972
10383,33.50091877403857
10384,21.694085111685038
10387,14.43979225445759
10388,16.19787659893203
10389,17.633014217263284
10390,22.88615008486271
10404,25.10083130284875
10414,21.349951229920183
10415,13.851668936304257
10425,25.417417146051026
10427,24.771683332194346
10429,20.29700265132733
10434,5.69190784900902
10442,18.391117164982905
10443,18.0331384048116
10449,8.987081241631664
10451,21.013540965165806
10452,14.11048723400756
10453,34.970412309083386
10454,40.53361221894947
10462,33.96604684374324
10463,22.279388632901107
10471,33.32825513263326
10472,10.265680705396512
10485,17.632183225416984
10487,19.252226214176087
10522,42.70168268849481
10528,14.39434015466205
10532,29.033049959746233
10544,12.740631875582189
10546,10.978785220831
10547,24.10829890116675
10557,9.562870867699196
10559,15.392601694742428
10561,14.65975765215465
10566,40.250734714650164
10568,41.49170128591396
10571,11.062718082825818
10574,14.58087806392415
10575,31.456854876824547
10576,7.457477600256219
10577,6.681998508478863
10579,23.202931584564293
10581,13.366115606650546
10587,18.01172989748864
10588,4.974728820352105
10594,13.56093280823584
10603,33.39489957504881
10607,21.46623787337653
10609,4.870616459301708
10616,5.723012429553663
10617,4.7643606858930525
10623,3.683907125144742
10624,32.819350615504206
10626,24.295046332385613
10635,0.538608893402234
10641,29.755971627656425
10643,4.2356240191706505
10646,23.102840989652034
10647,23.102842465655225
10648,6.819781928374173
10650,8.782556551657436
10651,8.78255802766062
10652,27.988670638596123
10655,23.96482972864285
10662,23.468831161849668
10670,20.31866725235857
10676,16.024283353301232
10681,13.857556764824771
10692,27.479800679598515
10694,14.18712805637826
10695,13.412138838842132
10696,28.678614203869873
10703,16.890639253653053
10712,24.5869145779936
10714,20.955527170351456
10723,16.778776460314337
10731,3.076287546777941
10746,21.23495548919431
10747,21.51488445842354
10780,22.60032771586852
10782,17.819377342153846
10792,18.538330861549614
10801,23.1308982014688
10803,17.304350684301273
10804,17.304352160304465
10813,20.598441988381285
10816,38.74155788341719
10822,19.30643864936582
10827,11.213984070186946
10828,10.934727681435728
10835,18.136703297178247
10837,4.468634167871109
10840,14.162926471287523
10842,36.784547887557835
10845,22.768990215185884
10847,30.20474140146438
10848,21.235359649607712
10858,28.521286902680263
10860,30.591677548685585
10865,27.934569113334337
10874,27.491996470060403
10879,24.254021788650793
10888,26.286187404106062
10890,29.29496853318231
10892,31.31882066306949
10908,8.18596510662433
10913,31.037920102104916
10914,16.259108769999973
10926,62.80118786063959
10929,7.424567145145197
10930,38.45438103382007
10936,20.652197127549737
10947,12.71439070156898
10949,20.493232084768085
10954,18.277634782669583
10955,18.277636258672775
10959,24.64013240992698
10964,20.687832616943883
10971,-1.5289818235825763
10976,16.381577562110646
10982,9.822162099143362
10988,50.980667761638244
10992,8.857901068947193
10994,20.15848331813712
10996,25.519367098017046
11005,18.78068322748479
11007,15.858498769116796
11012,16.259253418312685
11014,26.398870539624728
11015,13.577610191328425
11017,27.84239345616236
11019,16.279602605764044
11022,4.764958467185373
11028,9.016044820247565
11035,25.0095269690316
11038,9.306938584417388
11042,16.159812833176776
11053,21.17742817580393
11054,20.570518422598898
11057,26.950514237967713
11062,13.677417986710164
11063,29.15296482734124
11071,13.317331626907254
11079,17.97524800634569
11080,15.400025963958608
11086,19.805536803175638
11090,15.451748569896626
11097,8.595536364430359
11099,18.69360551405897
11101,8.727879506046559
11115,26.709213039700987
11116,22.169616649301975
11126,40.08562046876813
11129,24.29578876199064
11137,23.38243398202413
11139,17.37876259074496
11141,26.77216983678859
11148,24.807529290844737
11149,8.526012559411477
11154,7.36204594898863
11156,20.929317703577244
11162,12.569116715645315
11170,22.30008602967143
11172,12.874225272277933
11174,46.46829758560649
11177,36.169288872256615
11181,16.54577198407627
11185,16.05340562524933
11196,8.699125811572237
11199,8.004510856162142
11204,17.33618149347041
11205,15.692944491205768
11214,16.719920843839024
11223,33.80354668689223
11227,11.807044917326913
11237,25.553004546661885
11241,28.008789497453602
11249,44.505579716508194
11252,31.505439183528583
11253,7.727582777829987
11255,10.251343794107925
11258,24.494705445441493
11265,10.851129964846912
11268,19.69191710433846
11278,5.519761373160172
11282,12.652057027107798
11284,25.5255478145752
11286,26.82199178193446
11306,9.135861930803408
11313,18.54430230080327
11314,15.50780334239678
11319,26.07411738067344
11324,24.29858645776719
11328,20.996931226887856
11330,20.381392708055113
11332,22.505611916607013
11338,12.805737908574283
11343,17.371011271892886
11345,12.606463793923588
11346,17.26874168367031
11349,19.21706844125052
11357,4.377871243592487
11367,5.121194188392927
11369,12.293382568384278
11370,10.112319592419688
11374,33.656442512541034
11387,24.642210773418714
11388,17.07889142863794
11402,23.945068595543493
11404,23.924177446619726
11416,27.380153915534148
11422,28.296249279231926
11424,8.592714584823256
11432,18.604616250809872
11434,22.195821887232167
11437,12.444493938691881
11438,24.08844826209118
11445,5.772164930714084
11446,27.569120498182077
11449,36.97473942409762
11454,25.38169022326974
11458,55.30989919099912
11459,18.153486528632538
11469,10.124279599748302
11472,20.040562787050245
11479,12.765003852058292
11490,20.664242178439668
11499,34.24930593581193
11501,28.48205522872387
11505,27.00344052427052
11506,12.624945459501557
11512,15.696551530629495
11519,15.796058106565301
11527,17.660796152744116
11530,13.586469112009066
11532,37.9570295306694
11535,14.531845307899307
11536,30.391357695706862
11540,16.16144842924977
11542,29.498841175847385
11547,16.945750820923504
11549,9.104806451652493
11552,7.387138824984376
11556,5.889090500231923
11557,19.07521105913928
11559,16.693809455504653
11562,15.260383145339592
11564,18.58063688992092
11577,34.24266579084005
11579,10.67321776396087
11582,10.673222191970446
11591,18.08199517485072
11594,27.458441735644787
11601,22.60160168987891
11602,34.9728442843102
11603,30.922011009192406
11610,15.144171508966682
11613,15.036872197003067
11618,24.211822996288934
11630,10.112703353249323
11631,10.112704829252515
11633,10.112707781258898
11640,26.956949423303964
11641,24.577249760031496
11649,1.8679668214071583
11654,18.089480213346615
11656,26.339844218721648
11657,15.46219395218657
11660,21.517047957942925
11661,14.182759351445771
11667,11.736678526499048
11673,27.950547342335394
11684,9.271017188855694
11693,9.574933642384174
11697,5.995233989564696
11698,11.218826169045254
11706,32.10871989173695
11707,31.688682404399483
11710,31.688686832409058
11721,11.8898858894133
11743,24.707262047280953
11744,13.195653293239097
11751,10.522771358640732
11756,15.286470733808134
11757,7.205952350490939
11758,33.79160383342797
11774,26.720334902921994
11778,6.676594114951989
11785,20.13001226909999
11786,13.721106445618371
11790,19.89610105266802
11792,20.779364426152316
11795,28.793672070827473
11803,14.442905715019524
11804,21.192206065528826
11810,12.89013627208649
11811,22.662163252622396
11820,10.115493119183306
11824,9.477216652041996
11827,17.05907651829145
11831,29.07440835021352
11833,20.1445396623179
11842,11.849278843738581
11844,18.416352224510195
11846,-0.980713398515114
11847,-0.9807119225119223
11849,6.7554244571353905
11851,28.676801417386326
11852,30.34029282346378
11860,0.15082740279655837
11862,14.970198807200962
11863,16.075319090665065
11870,20.408316814182033
11874,34.55338034528057
11875,27.45610455490102
11876,29.372311379367478
11879,10.717653760921259
11897,4.60744216464952
11901,28.18019230272677
11910,34.383243183122474
11913,31.697500028198053
11914,33.397953720251735
11915,25.08737012573481
11916,25.087371601738003
11917,27.137769811732998
11919,22.82034638943171
11920,24.781674685393416
11923,28.51938019795575
11925,15.79908172595496
11943,13.175134016746732
11944,13.175135492749924
11945,13.175136968753115
11950,13.175144348769066
11954,7.483916301388273
11955,36.03957425196349
11957,24.472428427043457
11959,27.169983101099763
11960,20.23899463686588
11961,24.37636996720755
11966,14.92481863418973
11975,23.470769154039335
11977,25.44758689095342
11989,13.561822532596707
11992,5.425344139930658
11994,24.179176525610817
11996,14.497968630382633
11998,14.308271067470262
12005,19.392408173565588
12007,8.992038820054539
12009,24.307454156171868
12010,22.36296061629046
12012,11.470632723765114
12013,27.103472797381375
12017,45.216479537270175
12022,27.970051609563786
12023,7.944127405374537
12034,6.40464378614336
12037,51.636107835404076
12042,21.03751484469743
12047,22.672242581766138
12048,39.86356665569396
12056,15.543332950809361
12060,11.496720136019093
12064,34.23741256328171
12067,7.965088236630052
12068,7.965089712633244
12073,9.830079897865389
12075,28.487083381778735
12093,12.858566817280867
12097,3.451154901239711
12102,31.157822712214855
12105,14.988005975095039
12113,11.09796209469527
12114,24.81320718256718
12117,14.917101756852045
12123,15.30442148415639
12125,25.90888446296241
12127,4.649675649475327
12139,40.65553851322163
12141,17.797950604660688
12166,23.804696445093082
12171,8.589096740154545
12173,4.259772138746463
12181,9.610422800185454
12192,31.55049835517948
12196,31.550504259192248
12206,31.75010642557127
12212,21.771513542451043
12213,21.771515018454235
12231,8.638474681960865
12235,12.25739385002295
12237,12.257396802029326
12239,11.845650168701166
12242,26.11513114774503
12243,23.778895158696873
12249,18.63161727253919
12259,12.398276481897462
12260,35.49623432002723
12270,38.279495861066096
12272,32.92540816291235
12281,34.731018357653156
12292,18.48575618027326
12295,20.031448866305755
12300,16.27239554927589
12304,11.868442202419018
12307,10.900220225366091
12319,15.158300267152118
12321,20.035030919971934
12328,37.109118284105165
12331,20.86884686938298
12332,23.725826762495164
12333,9.600792505066373
12345,2.624536637929161
12351,44.201744849410815
12356,18.204941945000574
12366,12.142011617162318
12369,30.646280918325044
12374,32.1254385290197
12379,16.318350508466583
12388,13.296132120249695
12391,43.80217693566577
12393,15.579942796257402
12394,7.27614985198327
12404,18.123470424797578
12408,17.63776946574578
12409,16.66700575128827
12411,11.303421659974855
12413,16.69456698799326
12420,19.945339680665295
12425,14.184253022571081
12430,14.09543739951295
12432,27.73578400749655
12435,7.416265582839049
12440,29.635830286331515
12442,28.158548784567575
12447,20.578982469532033
12450,4.574013947231428
12453,35.93698051661168
12462,20.81058985142987
12480,30.297423757290506
12481,5.220806006865693
12490,20.419833010067695
12495,22.20509398606855
12499,18.43340352154799
12500,25.09020587468348
12505,20.53691080471501
12507,12.509481914268413
12509,5.863054236097426
12511,23.286179891525517
12517,12.507159053708694
12521,21.46192488726462
12542,19.735638566595274
12549,14.856299428511509
12558,25.18907825052519
12563,19.413185843113954
12570,14.073542548262058
12571,34.3204354808676
12580,41.73265095054094
12581,7.560520262324861
12583,23.842322036342036
12588,17.653043180067815
12590,8.65806918168554
12604,25.10687095232686
12607,29.666782363880582
12608,12.360957213476311
12609,15.979645682100458
12614,13.686980782374494
12621,17.63781384351562
12622,25.010614234972177
12627,32.25731035661188
12637,19.871639629671268
12643,10.223407044502636
12649,25.04270546452246
12666,25.433960593817158
12685,11.620597067305795
12693,29.413147536389705
12697,35.67256669611159
12698,20.398116532330423
12705,23.4889506386768
12722,15.667832561366712
12723,5.316931637856669
12725,22.461331320721857
12726,11.022692309247212
12727,11.609869953673396
12738,25.546638103213606
12744,49.9893396986532
12755,18.9783052971334
12757,19.40321459642203
12767,18.24669372076652
12777,18.834204236345887
12781,21.348864001550712
12787,20.25498592430119
12793,13.808235524442289
12795,13.938654377111376
12796,16.617142199302787
12804,14.305516971007197
12805,4.664645977071736
12817,4.62640495354519
12824,17.52210128125468
12836,10.021791655612493
12840,10.417434528805728
12846,14.8835450369255
12847,21.509145421216306
12852,21.776912281680058
12856,18.618485397224607
12861,14.963569400122513
12871,20.58898438992819
12874,38.08603998013939
12881,17.27083400462342
12888,13.35755333641907
12893,25.702477862682105
12897,10.084624800643653
12898,14.4874639873095
12900,25.468442188604488
12903,16.464962396208737
12904,28.716633556618053
12907,26.76678723634399
12909,22.38252998649764
12911,10.28807497297494
12912,13.92662158223073
12914,23.605544009843374
12920,10.959043558902096
12923,43.0154887052972
12929,13.972756310514885
12931,27.265622011074345
12948,21.730799673121236
12951,13.447925684913734
12956,18.237592483972154
12957,14.763916598866519
12959,9.341779536271211
12962,20.340695702425702
12971,19.252598861248078
12972,10.82757387693325
12974,18.99679276321864
12983,22.40239183089989
12985,20.407134426293343
12986,30.7037346141333
12990,21.10308058704719
12995,9.596082325280783
12997,13.194715224859756
13000,29.88707543033217
13002,7.433638408360714
13006,12.64118141643565
13007,5.617293262533721
13014,10.908148828158648
13016,12.258590591977104
13019,36.722881349139925
13021,30.26728428875663
13022,28.33288322444503
13039,20.695135701471788
13042,10.83064378930252
13043,24.744020313176183
13048,18.845867089961605
13050,21.615016384211064
13052,28.72238208316605
13058,18.879458133332353
13063,34.55530302924274
13068,3.309490258867612
13071,3.309494686877187
13074,20.865624905275272
13076,19.31307394935752
13078,8.089287025619335
13079,23.806155304181747
13087,22.631570835989653
13094,21.353647388058757
13095,28.602185336085146
13107,9.394418606782715
13108,25.467859237526927
13118,4.231958630574248
13135,9.99848138009844
13136,19.35326873073392
13138,2.059540607260253
13140,22.6127561208605
13146,38.727662161551336
13158,29.816115657214812
13173,6.597562546798471
13185,23.931093122420695
13187,9.077819482523616
13188,35.7262406800226
13189,12.936987352617606
13190,29.41479511403541
13195,30.414806114598843
13196,28.74231321035413
13203,26.07101229048043
13205,37.560954710321894
13207,18.427731989074037
13209,23.229056591830616
13213,14.367083029764533
13218,14.71578108572945
13221,10.47088942334592
13223,17.733994642139653
13232,10.585531823960203
13235,13.751432970631136
13238,12.728375616457846
13239,28.353491097127904
13265,24.283577821819907
13268,30.828820419407666
13269,30.828821895410858
13279,21.3026606194987
13285,17.860873116508085
13286,25.69423373152173
13296,18.048840437371158
13303,13.982552936507151
13307,22.548110613076307
13308,22.023019783009648
13318,18.14470376045163
13329,24.666680714041735
13333,16.0767389797189
13336,34.56509875476259
13340,16.13810941354588
13350,12.060663851945982
13352,27.485425052833417
13357,8.367654659235079
13358,8.36765613523827
13367,19.923306714767026
13368,37.93433385942042
13370,5.091180259776529
13376,14.929438793913501
13377,14.929440269916693
13393,8.839433303472042
13400,13.820240092405367
13407,21.756694945372832
13409,6.068718278884056
13414,28.996877266949536
13417,-1.7907762812356438
13418,24.022026921819762
13420,21.103265139825947
13422,10.219530642963818
13424,19.149134217374343
13431,33.018143416623474
13435,43.512079919994974
13438,16.346090452527964
13442,14.796446057013103
13445,15.02287995681613
13448,13.284414400096427
13452,12.40877871878157
13455,22.702847648666246
13458,13.809217066564244
13460,22.95229348731922
13467,16.70565914281359
13479,11.25928003263423
13485,21.62163446405967
13490,5.089487836540492
13496,21.550269941285872
13505,17.68573219823057
13511,5.523057288285472
13517,38.043952618429685
13523,15.983996576598575
13525,38.25738093618892
13526,31.954586121117348
13530,16.657222026750393
13538,18.687182371485296
13541,23.36962916362626
13543,9.813562862536308
13548,16.9608933751737
13552,9.781337422883915
13554,11.69396695521764
13568,19.61342601795224
13569,11.621901854126556
13572,28.23981881371974
13578,15.626706319366068
13586,24.4947530320204
13592,22.387307224069904
13593,23.32023779453152
13599,24.40497929977784
13611,17.82036571647726
13622,32.10205312919251
13628,17.754993569104816
13629,27.03937851410694
13635,18.105487660120335
13655,13.99478750930945
13665,14.200955423053752
13668,15.361364930256574
13669,9.95334713886221
13674,36.48175917463139
13677,9.191519493531324
13680,8.030577434147823
13681,10.51413249923931
13682,7.101959888431402
13687,15.381403742466379
13696,7.51475071755371
13700,7.709450333449961
13708,18.61930306009909
13724,35.9476739416243
13725,23.193474427393713
13726,26.094494191370995
13727,20.79667277512502
13732,5.8833770102045335
13736,17.820632494589564
13737,15.629755407731057
13739,18.833242935969597
13746,19.22188114927916
13757,24.299667698376357
13763,8.368253916530598
13771,19.406669587113687
13773,10.666330707716533
13774,9.475340357684615
13775,4.666077700166916
13780,12.372041633630701
13794,23.26813599043515
13795,34.76705506582287
13796,20.323281238333355
13798,17.194503493077026
13799,23.43538013488305
13800,34.05451391583527
13802,34.09432161096194
13810,17.216579862215116
13822,11.975782275474607
13833,31.653734588871014
13836,3.1353050873345367
13837,23.575823752949052
13852,39.69356968355389
13855,15.610354354685857
13857,3.220035922408414
13863,16.71974338509914
13873,20.4556604383635
13879,29.749396919471582
13885,20.635504141523402
13891,12.326004005242137
13893,18.242333762314406
13898,14.062227115232947
13901,25.215450656340987
13903,14.524224572936479
13906,8.655006783919596
13908,20.066887446327687
13910,28.68804334684935
13913,17.06901337404479
13916,12.852423379418774
13918,15.08781777610439
13928,27.1871556387152
13931,8.848322828246936
13933,33.83255569584183
13939,16.263573679652485
13945,33.08066667030921
13949,16.051775333460828
13950,22.846823978955687
13952,32.855946615398224
13954,22.516085148286198
13962,32.75440053728653
13966,11.19238217201093
13967,19.696532829147298
13973,34.69401845799757
13981,13.467310898142028
13984,9.508735202406008
13994,12.556935766043921
13996,18.668061770580838
14005,8.404546927400666
14009,12.947038346696463
14010,38.24526107317517
14011,23.099022776285214
14016,36.98334550099817
14018,28.0420992825097
14020,22.890547323995495
14031,21.303113851035864
14032,21.303115327039055
14048,5.932942692219932
14055,16.0350683842528
14057,30.915067678804544
14059,18.709802818792742
14061,23.76319023481717
14065,31.338996880294733
14066,21.807188139501317
14073,31.844676880892703
14081,14.37537435890754
14082,29.018976156346962
14090,14.826806155784613
14093,23.820800342717664
14097,17.717841701493885
14099,17.717844653500254
14108,19.761013222787494
14110,5.03741629198732
14118,11.434140054679286
14151,9.42502880620513
14155,13.53780055172939
14156,30.074273768444403
14158,27.962232396387254
14167,13.543895232957258
14173,23.25590200454163
14174,23.255903480544813
14175,23.255904956548004
14182,11.244382803751343
14187,29.16268336102313
14193,13.297397393844815
14201,28.351013951024928
14203,18.75239839727612
14204,19.119807851003724
14207,13.208358894922874
14208,13.208360370926066
14211,5.749312044767095
14213,6.761419975008501
14221,3.455979085785671
14233,18.266638424560586
14234,17.64939486501989
14235,20.060876133575444
14236,6.687399204154403
14240,42.94142672947228
14241,12.245206398800256
14242,10.33629734562334
14249,33.76078414974248
14251,20.482259123799874
14253,0.5439490729469512
14254,14.465178858456962
14255,28.416933371490398
14257,20.99531262363867
14261,5.524164290678648
14263,28.036268854706424
14266,7.811828733404887
14268,43.65818879758693
14280,39.92320506341272
14287,20.624139782320885
14296,32.86680047349155
14318,24.31621695807711
14324,22.08218232833899
14325,16.538572824806298
14335,21.176923652201896
14337,21.0013725204893
14343,7.153658561814964
14344,34.864652114223986
14356,36.61970598073263
14358,19.089073794929813
14359,20.10508849801833
14360,15.424525477531123
14363,31.940603626209853
14366,25.067111789944416
14368,22.830518290007237
14370,9.673679251237786
14374,31.49468739133326
14375,16.171392344102113
14376,19.764184273037674
14380,38.3399038713475
14384,12.30822638392096
14385,29.297504222343054
14386,17.84037409878204
14391,41.25674587172993
14396,19.647952570702177
14408,26.009563525969885
14418,19.168173986330974
14420,24.470572897684615
14430,9.512962536863025
14431,17.567412433906565
14433,20.74331385016413
14434,7.457524927963242
14443,21.72955260126783
14446,11.807116101073625
14449,21.949286127593812
14450,21.74797391220118
14453,10.207025354468975
14460,11.162786544518795
14464,25.733950786006044
14467,24.37572619008427
14470,19.641268068362525
14471,24.86584266767679
14473,21.21214792224224
14476,14.041507289003679
14477,11.105828697798664
14487,13.569128413976628
14490,20.432695842154008
14501,29.873122178238678
14506,17.622634811604964
14508,14.86852764856302
14510,20.451607708988842
14518,13.649494350156097
14521,17.973604901984775
14522,17.973606377987966
14528,20.787146797866708
14531,33.34998631726904
14538,19.791411114648053
14553,4.586412259123367
14563,12.265171229463988
14566,26.450544371049975
14567,27.547276225384042
14571,9.936578737750558
14573,9.936581689756942
14576,51.142165892916594
14586,17.18989295273052
14591,30.088875497373696
14592,22.471246145541247
14595,16.900462592757034
14596,5.082468966503768
14597,24.6954730594224
14599,28.175738854199526
14605,22.311988979070318
14611,10.06417851850809
14615,17.991324065777068
14620,7.4778792458577925
14623,30.783077541627396
14630,24.932483277235992
14646,10.434196137927042
14648,32.55988770311008
14655,4.214290742368824
14659,18.544038565888865
14660,1.0277992249320462
14671,25.67865182197058
14679,20.32458454915093
14688,21.55408707511062
14690,19.515068267357332
14692,9.361093509389192
14700,18.773151850975612
14704,24.819384852928753
14716,13.688285361885768
14717,16.035519128094524
14724,24.346003518719204
14725,22.612454844853378
14728,49.56366216986471
14729,12.844595229790407
14730,23.455327338017998
14737,38.628986185459766
14738,11.169237954457913
14740,20.292152542577295
14742,11.436360550691184
14749,16.497608086923375
14761,12.538203391238795
14764,9.874786349993407
14767,22.7740178489973
14770,46.048730812318425
14771,22.635455087980237
14774,21.16127965934412
14779,9.228797624909795
14780,35.053268781616666
14781,28.30960075092587
14782,23.9215669397848
14789,48.184239966629676
14795,49.45092799659703
14800,13.867505036917926
14801,12.002409469411337
14802,12.002410945414528
14807,12.65130670959342
14809,17.465835420831088
14829,4.234484072033901
14832,23.346887897771456
14847,20.533335026839826
14850,33.94890579339028
14855,22.654661853917094
14859,37.823577625194616
14877,31.327408678399376
14880,20.781070387596525
14885,12.939010057068781
14888,20.041188438272233
14889,26.849886965169073
14905,8.798653413927305
14921,21.60986994686419
14922,6.626940091136298
14926,24.422365090284412
14935,14.5036137008798
14937,21.78052679453575
14945,18.72190457849948
14956,24.311515181539438
14957,16.80881977523551
14962,2.8381298609385155
14970,35.05090125545202
14982,15.045029593329108
14989,5.902627255075643
14990,23.630792812373546
15012,13.235158760408254
15014,12.706390525177945
15015,37.01611103826512
15021,22.208515960444206
15025,26.833972153492294
15031,17.41533641913981
15033,10.8386950560648
15035,33.6545980116193
15038,23.444734096692304
15050,6.855644544598583
15053,8.401378154111988
15069,23.39863294961943
15070,13.37375483294224
15074,22.620765602801402
15086,26.778762178111986
15104,50.63102828176643
15105,50.631029757769625
15112,10.657761996433454
15115,17.17442726978153
15117,12.165549758101356
15128,9.497310581926385
15131,26.212796674663924
15132,15.719160526492889
15139,29.72280717979307
15141,17.55348863014186
15145,16.613838589827264
15148,21.640971748021375
15151,21.225006880416206
15152,15.449620126461443
15174,5.444045643084841
15190,16.08639601027892
15196,8.263719323532833
15197,9.103123607224077
15210,15.11260370183729
15212,35.64776984366223
15216,18.550418662159732
15220,17.768087394028573
15221,13.3796037106817
15222,31.057086075298205
15223,31.057087551301397
15228,19.553443492402383
15229,17.342829362051123
15232,5.954048622654831
15240,11.343298633526636
15243,14.375820745849179
15246,22.627442699007762
15255,8.359294739888867
15258,24.269119585166163
15261,20.92341773038081
15279,25.17504114863146
15280,15.13243098098268
15281,20.512854954363934
15282,34.75707949910607
15287,24.112829620110777
15289,14.685013025115271
15291,12.359172718172353
15296,28.805980618218886
15300,13.74698043846253
15307,15.768950741101964
15308,26.867267618038372
15310,2.2488557194844745
15315,16.989194637958096
15323,12.926076896974099
15328,34.861280566928684
15331,9.526603664214328
15335,21.328507283459214
15345,14.108185045030599
15353,17.727412784490642
15357,15.198734141136757
15360,13.737845788487341
15364,18.126029646055006
15366,33.883926496233215
15376,28.26147393138515
15378,13.4343543833714
15380,10.234017575609485
15383,15.453480589668597
15384,25.322735164853245
15389,27.35434124393925
15391,40.35013160735653
15393,14.354974435629611
15394,31.69918388796268
15397,19.566937311552554
15402,17.6135962233222
15404,28.319227806624117
15412,3.690162121934474
15424,22.407154519729136
15428,14.103200033170754
15431,15.916323428186136
15440,20.633361991842765
15452,17.221942086219716
15456,11.881443539464367
15461,33.78628008076852
15464,10.37729387108859
15466,29.46765058317035
15469,51.426027610943294
15478,19.25629920124769
15485,19.25630953327003
15486,21.89815390260217
15495,44.7520249299763
15499,29.938795241737285
15500,17.028702238951606
15503,7.056958281697604
15505,39.33688177953523
15512,40.428280176964094
15521,15.471598379843574
15523,30.26607807580176
15532,40.48931466357732
15535,40.48931909158689
15549,27.269486187428154
15555,8.009055522850126
15556,10.765442644745534
15557,19.542290785307348
15558,6.115661460819304
15559,17.14953198120445
15570,14.700095700714382
15572,7.855023936705564
15580,11.714612832988507
15597,4.6469106339886395
15601,23.491140139890366
15603,27.279488925827682
15614,5.77361411129484
15618,13.433710400913178
15621,7.902210732761283
15622,34.217046583554165
15627,23.63951786508932
15628,34.37721287099498
15632,14.120934266570575
15638,17.534012334804547
15642,13.315098738278973
15645,19.261269088194897
15646,9.18560193365208
15647,18.246529056332736
15657,23.57176874071533
15665,21.71754371663194
15673,42.833566344543456
15674,4.235731294730222
15675,16.474477937075722
15678,22.62351930116682
15680,10.566804838165488
15686,12.054871779085225
15689,9.007966345415532
15696,23.580744096801208
15711,4.507125420585687
15713,24.063001621785634
15715,18.988176161187152
15724,19.062913378422312
15732,28.80884416316552
15742,21.078451053507795
15751,12.487946993791937
15754,12.487951421801505
15755,12.487952897804696
15773,9.00792554005941
15774,24.772263963211802
15776,20.455924966721856
15779,23.038940181352235
15789,13.871875891537663
15793,20.46048822989042
15797,9.940251751290297
15807,21.36741258284754
15808,32.97504948694751
15817,20.72529577163495
15821,32.044148978617116
15834,17.249233257425946
15836,15.450600197985697
15838,24.415843346620097
15839,27.333041336141154
15841,14.524774171869826
15853,10.595981109465264
15856,10.802434541463853
15861,24.47427720312064
15867,33.17323205283668
15868,49.67234665019643
15875,6.361736017023155
15889,23.815681307529932
15892,24.46221031097161
15897,34.83004870188424
15906,37.48956525675017
15910,15.10238046046761
15914,22.03198617493
15918,26.357649915366604
15920,21.037481902382954
15921,15.034187470840752
15925,60.11219039689908
15927,30.419167402495777
15932,24.058326666642248
15939,15.444033616492323
15950,16.093656276070224
15955,7.782537574351146
15970,14.55522204622417
15972,35.185899835811455
15975,22.84138504316751
15977,21.588271550051477
15981,16.060484536552938
15982,25.712098385269048
15986,9.10845303248373
15992,16.21457159218097
15994,19.790792727759015
15999,20.48889022773624
16004,8.02315346783849
16013,18.851156857660538
16016,2.0412979176741217
16018,28.26587563385873
16019,27.742144927571257
16024,8.674725387578512
16029,16.046076301958426
16032,14.641687436885082
16037,43.731197869378704
16041,18.936749399363027
16043,13.222281977282726
16046,44.58415373078208
16054,23.508067083675837
16057,3.636128429292178
16072,19.82058278405214
16073,9.074258765408906
16074,19.097078755154502
16083,22.08857988434153
16085,18.423875225749885
16087,22.736930695610543
16089,2.8294494958294862
16094,7.850597100621663
16095,26.273963525706183
16099,3.3047537837195833
16113,23.410054332536493
16114,27.69290935834019
16115,16.358274536027952
16116,22.505951841018163
16120,14.263905439744416
16126,13.102731254862192
16128,33.31097389761051
16131,20.848036110261997
16132,28.009011180960147
16138,16.296135115711838
16142,32.1803164262253
16143,43.938307201197574
16149,24.518217116196954
16150,13.880561933382584
16165,33.656243239503084
16167,17.719215245114047
16172,12.017293748457561
16173,35.460397519606204
16174,11.96510697383475
16180,38.83686580448524
16181,11.300613372920136
16187,16.895149802870282
16192,13.55384653528251
16194,44.91309823824281
16203,27.01532398783836
16204,16.511118100983108
16206,31.151676908237857
16210,16.428199920276473
16218,11.579047286726542
16219,27.90952430898896
16220,12.043929481183163
16225,4.385056427125839
16227,18.591984955948195
16229,24.564345388013454
16237,9.811101736448947
16255,22.991236066958162
16262,11.209706770018549
16266,10.210044226902177
16272,18.844415273711252
16282,34.34792230706324
16286,17.300108642405082
16292,19.7778807885166
16293,34.0558685127465
16297,26.86209579929592
16311,47.9770556965789
16320,25.319119667113245
16321,24.226906779406225
16322,6.1899389521281165
16324,21.748298044742373
16329,27.16123701659839
16333,29.200290273042175
16335,-0.7581312341561848
16353,13.463887815490004
16355,16.267139703361725
16359,36.129464900240336
16362,29.988053511886232
16379,6.411057020007867
16384,44.61311745772554
16397,20.96317228841382
16399,53.8965624642167
16404,24.978553817520602
16405,8.34371050021516
16409,24.108233585321972
16416,5.785970385870108
16432,17.539177773267642
16445,12.780473065611623
16446,4.2615483166263175
16447,6.363929210966717
16448,7.004528939739032
16450,7.004531891745415
16455,3.315302327330663
16461,23.0383034657595
16474,17.14144990595604
16486,7.516274184859974
16488,10.464702852988012
16499,11.80012946038465
16510,22.861812210422475
16514,23.90116756388115
16517,4.0363363852648675
16522,26.64845268324733
16529,4.229187315308522
16539,22.69217756131515
16546,15.220219486408272
16553,15.735371994209192
16554,5.665181067200997
16558,34.796364701760126
16564,46.307199037720835
16565,28.209766791556287
16568,4.816300591502333
16572,21.05732946899865
16575,4.179999247523526
16577,13.666092372352566
16583,12.526421117424029
16585,20.327397811232803
16591,36.3793689493498
16603,6.41138764472263
16607,18.17475232752059
16619,16.350197311022786
16621,11.26390524418268
16623,7.114307332099081
16636,10.392289215469187
16639,26.26166602788466
16642,25.39709447585361
16645,18.296554009504778
16646,16.18366466667145
16653,8.551281868237744
16654,27.997529609747975
16662,24.682820740317386
16667,17.47856139383683
16672,14.83692648585647
16680,15.983801209152535
16683,4.090505914119085
16700,28.747485125535068
16706,24.15193113292783
16707,20.18982175300501
16713,42.55858607960904
16714,18.11744520186878
16715,34.06906667996179
16725,21.83359741037511
16734,6.7933885191419705
16735,6.793389995145162
16738,31.375079418830683
16741,12.790759242515854
16743,10.420319154390022
16746,6.700720291380257
16750,17.26906159781497
16757,22.64138524628274
16761,22.703515704333793
16764,39.08111379685744
16770,11.603917247312864
16771,6.17930027482484
16777,23.80726886711999
16788,4.694759428324154
16789,13.914059078091817
16792,12.123258908768996
16799,14.04940566832693
16802,42.1279449989123
16804,20.517006873875335
16805,20.615447514193274
16807,24.378036830555
16812,6.411696129389533
16819,17.8057921673196
16833,30.946868941120233
16839,14.574350679454373
16840,4.244770810944722
16841,4.244772286947914
16842,20.17180240638078
16846,21.23590979887395
16850,24.030072085501093
16853,26.67132704688274
16855,16.989158610733835
16858,35.45143639983387
16866,7.822382094873269
16871,21.93696169289169
16873,21.827516126885772
16881,18.68887852482347
16886,32.30273639984719
16893,28.83137363156303
16898,17.96073935617959
16899,16.243433726749576
16905,27.107592041380077
16908,11.3086399186678
16910,34.10378787993406
16912,33.59717731399746
16918,9.569686235048422
16919,15.6900561181759
16925,12.44224137134568
16938,18.545931309636156
16946,24.299446936675015
16947,31.399088342092124
16950,30.198910321472884
16953,35.40433898650551
16954,21.044764972371173
16958,19.114367591963916
16959,12.330532383031848
16964,14.109452254746518
16971,15.17208468071632
16973,30.988275662829583
16977,17.96800154344037
16982,10.210758166538788
16983,22.99711389341517
16988,25.725725394909194
16989,13.827355678458733
17000,25.436955240906943
17002,1.6667139280532908
17004,1.666716880059667
17005,1.6667183560628587
17008,19.877072324754497
17010,8.972385765719142
17015,13.463549222967604
17026,15.974888174868301
17027,27.63837727590761
17033,39.24493513209431
17035,17.71719014444496
17038,31.922458896165207
17047,5.71331595991537
17057,4.7722197780745645
17062,11.085075458869525
17064,27.481375643828567
17067,17.003624459632125
17069,15.2971689624402
17079,43.19483782370803
17083,13.74038894198528
17089,14.094998192911039
17092,10.225896677582632
17094,16.654907962721555
17095,15.164039194264394
17100,13.08417696936747
17101,5.520702708321505
17107,17.660142398503655
17109,24.26501745724048
17113,21.862334651431073
17123,10.123320364104707
17129,21.341039822901703
17134,19.58466053113509
17135,10.098851448107133
17138,22.64835880029931
17141,14.111112314088441
17144,23.01331705245889
17152,15.866449817128593
17156,20.079736679499955
17163,3.901756521899081
17164,3.9017579979022727
17165,16.898426788948786
17167,20.77117534085456
17168,22.640909127841763
17179,17.11387095776013
17180,15.100564008799427
17187,26.10731483381966
17209,14.021736882635619
17217,7.500442306132207
17222,16.13501857281668
17224,16.29841863673698
17239,23.445557318140008
17248,35.54679798975761
17249,16.72818342427127
17257,9.379166110531784
17258,9.379167586534976
17264,25.17167797116804
17271,12.9508062277338
17291,5.857475508161222
17293,12.74363974663617
17296,28.956096605768085
17297,19.337064994453517
17304,26.032367582825092
17318,8.53511802309621
17325,17.805602205202366
17333,22.914998646923525
17335,1.5895707836383792
17358,16.20659715758237
17362,44.21534801445709
17365,17.109095304422095
17367,26.17048805188212
17375,26.856257768413574
17378,17.57484384719341
17391,4.367577130714928
17392,16.06438586483394
17395,47.14694640263858
17399,7.068171185372016
17415,18.334743364624405
17420,18.174718663882114
17423,7.033025662358874
17428,-6.436858909933573
17430,9.38565519309713
17431,9.385656669100321
17439,23.621785851630595
17442,50.84086839968596
17450,21.92493513921662
17456,29.78646920157532
17468,11.722372712896743
17477,18.85167529429336
17481,6.786301923053166
17484,47.0874774021072
17488,25.296163734788646
17489,5.2299016397565445
17490,19.821505930642598
17492,18.23103999918195
17499,19.829513644434673
17502,25.301031297025528
17509,29.95570746120504
17515,24.96880614451562
17518,3.511839714421079
17523,20.698835419674605
17527,11.13756577728132
17528,33.46031165444481
17533,21.49744428896712
17534,21.61663563717835
17535,5.003612795592925
17537,25.956348202585854
17538,23.340810705331112
17543,15.585291714648005
17548,34.018045396214006
17554,28.55373069011986
17559,9.700687479276596
17567,36.8250547943957
17570,27.19395442418652
17571,10.751106168387352
17598,14.145996596812285
17618,16.46548362635767
17622,41.43730034271901
17623,12.469330759907443
17629,4.968041783525315
17639,7.910947604032355
17644,8.405441845116705
17645,8.405443321119897
17649,22.91005591887981
17653,19.352934769982877
17657,8.199287877083513
17659,8.624906181128573
17662,32.163596996548165
17663,18.97985939583045
17685,25.188628777132873
17687,30.387771604936102
17692,4.024364189662528
17699,23.90792926169124
17705,26.161340640072115
17708,24.278541333177433
17712,9.408069836864492
17720,18.19898359646871
17723,18.96186695686183
17725,35.69972415104448
17743,10.31108857065319
17746,22.877579228441693
17761,6.174868289807375
17769,14.882883852552812
17771,10.494673527593708
17774,17.465566278879923
17776,30.166756172833527
17790,21.49571931067904
17794,22.296325708152256
17800,14.858780227985111
17801,28.353295974385393
17804,31.48464419407733
17810,22.884905286844845
17818,5.529414434028716
17820,-1.78427743918607
17840,30.78342413949507
17842,6.8019778065809575
17844,22.355768071747878
17849,25.46842985877483
17851,23.876915438530038
17855,33.519470076090556
17860,24.871624298291454
17871,26.917550121484492
17872,20.074012799619016
17881,18.373328405220352
17892,11.930788787567487
17897,29.314863752295384
17902,50.46250519235349
17905,34.02834114549029
17913,5.535878122625348
17917,22.0740254099159
17919,10.723163256625167
17921,32.69735828023471
17929,23.099377999060213
17934,10.417099085987743
17938,22.941606503670723
17939,27.385721419467547
17954,21.355408955629418
17957,10.928743271113767
17959,18.47877016692583
17966,10.92808727407958
17987,28.51536649938055
17991,15.685148463669254
17999,20.972301824545998
18004,6.505083994670237
18007,7.773331466000684
18011,22.780138225949155
18012,20.196696787017505
18015,6.581142652177938
18017,37.042395431136484
18023,21.468348805265695
18025,8.726799482449877
18028,26.857221598497237
18034,26.128369166040027
18035,8.985219138795436
18041,20.44976802528768
18044,13.159036854844214
18046,19.395145106700685
18049,20.36501955610157
18051,13.569556969615824
18052,16.278861722831568
18056,19.577632546396476
18061,30.60449061301809
18062,25.415179399571098
18063,27.766358488133232
18069,13.46941232233403
18070,9.75862063212201
18071,9.331518798107759
18072,21.35680016983716
18073,22.61472536651434
18075,25.235487901373094
18083,18.13004289873108
18084,23.80414923203102
18090,31.376154947604203
18097,22.914711291906773
18117,27.50146224271241
18119,13.747076831779019
18120,12.13689657100037
18121,12.136898047003562
18127,10.08826910226825
18136,15.684776163401171
18137,9.910157499838
18139,27.032591991299878
18151,24.78045941260422
18162,25.657034015167714
18166,20.00614201284741
18171,21.417823276403613
18174,23.187123278515795
18175,17.019468273583943
18180,14.35322690983244
18189,10.94274969867758
18200,17.948525695448406
18202,14.14523143624729
18203,14.145232912250467
18222,56.817116810636506
18223,43.6827931781815
18254,20.36938452543082
18263,24.80982905847441
18280,14.04150253150333
18284,14.529102732149386
18287,6.616470644348489
18288,39.1168365215763
18290,15.052781271528534
18294,30.37020732400035
18297,18.500815975514715
18303,30.705883493738835
18311,22.94017949796294
18314,13.537576556100564
18317,24.542269412072113
18335,24.35380061051359
18342,12.529886408284693
18345,20.13463924929326
18348,13.682097399009134
18351,9.331932079001213
18353,12.031415130345785
18366,13.180591670817748
18369,36.96126306855322
18373,14.03754268090174
18375,24.71813853635612
18376,17.387184893948533
18382,10.210937884684544
18391,36.14645394807742
18398,14.749980446133709
18402,5.53235267732726
18406,27.22708520177631
18407,13.843458344646159
18411,7.998122055213919
18412,10.937139498988081
18413,27.482828143715057
18414,22.940331526291605
18415,7.468647369633324
18417,33.093264187282955
18419,17.23219544325288
18430,7.117424781690147
18442,21.036887435903
18454,37.67591032300224
18461,20.302844956540522
18465,21.722535093613207
18471,27.884631494243802
18474,33.07608708157514
18481,11.716193522371352
18482,11.175595306880417
18490,30.737388581198946
18495,27.866668268431955
18496,12.149740518718449
18512,17.285652682620547
18513,17.28565415862374
18514,27.309613088582875
18523,26.83199775799932
18525,21.456341767543957
18537,33.51832984175596
18541,32.09391590841173
18548,22.86350276643068
18550,23.37250996456321
18551,23.53203816434338
18555,27.93207042571591
18559,-2.0759296340029643
18565,13.051211156826572
18583,5.146852352245112
18595,20.98028228232908
18606,37.334192388552864
18608,14.942800615668535
18610,9.35926108926703
18617,5.461429869193342
18624,29.30376099986933
18628,11.656999234686904
18630,16.26485264296232
18638,17.84665006434979
18639,16.56356723867113
18640,10.824372873678335
18641,30.64067986368224
18644,19.538679219300544
18652,9.793182438838507
18656,23.24540843592815
18659,16.593951799000283
18661,16.43739835731491
18667,13.464750973650496
18668,35.090330943046794
18669,35.090332419049986
18671,7.182846032439372
18673,22.52613668960551
18676,24.619970332364286
18677,12.874314871816264
18696,12.145024981356663
18701,41.8188843100306
18707,29.921926866564863
18708,14.732950187077211
18710,14.260480812946614
18712,28.137295957496026
18713,25.194983740314253
18719,7.728818620416778
18720,1.5916150480577897
18722,9.558410649938416
18723,24.60301049959882
18730,11.173419936295751
18731,11.94009223112495
18733,17.235317145910972
18735,7.825798587178319
18738,16.561202641660447
18743,2.430005117499583
18745,13.75826760282002
18764,19.261149347733028
18769,27.40084632069693
18778,11.217321352201452
18779,48.711600188829735
18784,29.698647698993785
18787,14.831613537357914
18788,9.130713093562807
18793,28.16792288083305
18797,29.19750707443892
18798,19.64650661748711
18799,26.98370538608908
18801,18.329152491810493
18805,19.64651694950945
18806,19.646518425512642
18809,16.790711422116036
18811,19.01275951367524
18820,16.566370698480444
18823,17.2188935874937
18827,27.952683933331567
18828,10.39336680179191
18830,21.400943166234345
18833,24.590629930666157
18835,12.047789229527396
18838,11.71813607023708
18840,9.449828747747624
18841,9.449830223750816
18842,11.71814197424984
18845,7.817526569655662
18848,9.081406146366255
18850,1.7758241084675745
18857,15.178760263435446
18874,18.625462403402626
18875,7.442185571038422
18877,29.42105673824489
18884,16.58484697386169
18888,16.83606091623086
18902,43.41739293095213
18906,5.183573577903566
18912,54.723983516453416
18917,26.106706321709485
18919,13.281261518135715
18931,8.919062083140755
18937,6.686684238247722
18943,36.70805385472718
18945,24.970916829078615
18950,30.542312380744082
18952,18.712848796898125
18955,14.284712408489074
18957,13.550766782195147
18959,34.508041689979805
18975,25.558135120870592
18980,8.829827108322355
18981,24.130665638859885
18986,8.81335083439594
18992,10.53303726090298
18994,29.391905929851962
18999,17.601825621353274
19021,5.521185836142003
19023,7.579237817618498
19030,18.889514105417486
19032,25.128521134976015
19038,23.401763518124493
19052,-1.7824590032548642
19053,4.0940040416815435
19055,27.095504216764628
19059,28.08538681484031
19061,16.880141222925925
19062,12.517395307409863
19076,7.977684015350263
19079,42.58094698739295
19083,10.242237117897382
19084,18.399947672494005
19087,3.4260890923625666
19100,24.444705523797044
19108,25.311186482377156
19119,19.812291073674483
19123,17.847365925897382
19124,41.07788933717407
19126,26.24384099886341
19128,12.917211425227372
19138,29.542449778260742
19139,9.846085684449307
19140,14.460702194874802
19147,14.42781264311947
19149,19.287537820890332
19154,17.16502003986894
19164,33.063084122324895
19171,15.634962239115165
19180,13.047130486692147
19182,13.610430246334179
19183,15.353591697382239
19184,12.893503569743697
19186,10.505879987278522
19191,39.590282883797926
19195,31.039993940908165
19202,27.59174851552773
19206,14.443414692235525
19207,14.443416168238716
19209,14.4434191202451
19216,14.443429452267427
19221,26.252937838123277
19223,28.625280891218924
19238,6.955899342008049
19239,34.37804322135989
19244,31.656527962312442
19245,25.82852591874477
19246,30.460299394756124
19248,16.855016520734242
19250,28.61510562261969
19256,16.731854017596387
19261,31.5236570807259
19264,11.392512447357774
19265,23.694266004455176
19271,25.931928449927245
19276,12.395617395548996
19281,17.87113602088171
19288,27.939389806518367
19291,14.512327118256383
19292,17.099422448018064
19293,9.350321134486144
19294,29.539580763314664
19299,14.24200491665319
19302,4.007631856022677
19308,43.40288632948534
19310,16.14443589956048
19315,19.453392683465484
19317,13.06841315001708
19318,-0.1197859285254097
19319,20.413654801338442
19321,18.795763846959975
19325,39.75238438812404
19331,30.008675609962086
19333,25.05448516622378
19335,44.26660963789955
19340,11.107591766377489
19342,27.19456671512489
19349,15.73195930326985
19354,19.707294133939815
19355,24.380816175718632
19357,17.008423926461273
19361,7.539388471885097
19366,21.1710830550559
19382,39.62790572123326
19384,10.09141459098499
19385,22.905515786152545
19390,31.689154074041273
19394,11.340651288377309
19417,9.76125055391816
19420,25.10978786422297
19422,27.681292618355943
19430,20.900424352407608
19439,14.416398335776439
19446,35.702264352536034
19464,8.793950171224303
19466,14.445982302002921
19471,12.121338136474687
19479,23.71233770422555
19483,24.402649311202243
19486,32.380691800601994
19490,23.915346772220058
19491,19.551400522762645
19492,19.27884121149702
19496,19.262229782068776
19497,7.31036661310042
19506,36.1091807411494
19507,28.684714031428545
19508,19.4181338222395
19512,30.668681330188708
19516,7.855590657220482
19520,26.1071838128448
19528,21.204602494173887
19533,9.76759607780582
19540,21.690756496601917
19544,14.046730750100014
19548,31.792201756712817
19552,14.951997889788974
19554,21.311922539521657
19565,24.099960010626827
19571,12.73953583741396
19572,13.926264339835615
19586,23.408928613544862
19587,10.146249776457811
19596,10.38956450040202
19604,9.249321713561361
19606,26.088893726216643
19623,1.5749792508779095
19632,17.590260101338774
19641,12.098777670408637
19645,16.73092472204878
19647,18.435733883082246
19657,17.26254238712406
19658,26.055708177377237
19660,25.111275590440957
19669,27.24776678065574
19670,3.8906529153829794
19679,19.57441909704215
19680,8.43983766483467
19683,16.792001448904887
19688,9.478649004236743
19704,6.716520337585493
19717,16.372925714003603
19718,25.59446234182622
19744,21.995105051868503
19746,15.928974747470054
19748,11.636060702619794
19750,23.04228749380565
19754,13.945475600531228
19761,11.900540603402789
19762,21.308720188587078
19770,18.859014320022577
19771,9.086507205321606
19773,26.699913281003784
19788,30.308210388609684
19795,14.737448559233176
19798,9.084300768111717
19800,16.27746576823706
19811,29.57028769281713
19812,29.88392264797704
19817,29.50428974198827
19819,26.44552381567055
19822,18.813611860348605
19828,15.156809854390094
19830,24.265845306260093
19833,31.16495063527262
19839,12.58884727603363
19840,4.91374929871791
19843,15.532840489156829
19857,15.517044684135161
19858,15.517046160138353
19861,6.368968285860483
19863,29.69646299484761
19880,15.410172113872068
19886,29.487854745791072
19889,13.280124451986111
19898,11.084366774544385
19908,9.678453392639518
19915,32.4308776263768
19918,17.79927197315516
19919,14.059093097269855
19926,25.932104284820003
19928,29.077391390505387
19929,20.91047887959019
19937,10.375657999804922
19942,17.31761407179039
19943,36.586058629056694
19951,26.002984418887454
19955,8.377393328288711
19957,5.676722247674427
19963,10.894429876553179
19971,13.336236563906887
19973,13.993138867653972
19975,0.7111194201197648
19980,14.33796646842615
19982,29.104362972082587
19985,10.826358097970108
19989,23.95774303494385
19994,40.03400226131397
19995,9.030622417665366
20006,25.99473592507319
20015,19.45060086022419
20017,28.817062234686627
20035,13.554436123789689
20038,4.513876851874635
20045,20.386000200225897
20049,34.48729382765171
20055,27.533784637861128
20058,24.478245812493054
20064,22.666637585215984
20098,27.9391846859105
20100,33.6681192677745
20106,33.41004513839168
20107,18.562720981803057
20110,20.49277339945785
20111,36.37767968679172
20121,42.90252436276532
20122,25.02197741443217
20132,9.787807891541075
20140,27.951349190098437
20146,9.47932501369818
20149,9.656437940690616
20161,23.985806619738792
20167,23.832788139659645
20169,2.5451438028853204
20170,2.545145278888505
20176,19.28967598114149
20180,7.010037383647507
20182,16.346440265741766
20183,23.675496233909545
20195,23.187570385028035
20199,6.861312677689497
20204,24.30918349094816
20214,31.96986874871273
20219,26.97075415035498
20221,16.61903440914698
20223,10.992494876408621
20229,15.133909236039191
20232,30.334137359128665
20237,25.146631142534655
20238,13.529790366561645
20242,20.548330641403087
20248,18.83593004318131
20250,17.849638924825744
20252,40.092615112408026
20257,5.232283407678217
20260,34.72445743278354
20261,21.961618759151545
20263,26.62436208164141
20271,19.49923340150035
20273,32.07346332957742
20278,22.86469365802927
20281,26.046540723554703
20285,34.59302781236859
20286,34.59302928837178
20289,22.522992078271148
20291,22.52299503027753
20293,23.76524664434547
20298,19.263413536627883
20300,31.64828019821091
20309,16.233149782116012
20313,14.33460844972748
20319,37.801664166582825
20323,22.142186729946705
20334,14.176490391158058
20339,20.494737121508113
20340,26.472945891946633
20344,5.652948633951183
20348,48.7678604703472
20354,14.142183841763813
20355,15.7231061390486
20357,27.016649524046993
20360,24.309413747445934
20363,15.901294888148758
20366,6.68879344680753
20377,10.485333406037803
20379,21.652306618779203
20386,40.30325318552515
20388,16.804443191433638
20393,12.644501092199853
20398,10.713108770654198
20402,11.342139099593744
20406,6.575428193740336
20417,5.108445664642424
20418,18.115740584000637
20421,17.518635201614632
20424,20.998509281707282
20430,5.820120568016385
20433,10.831426479872682
20437,4.299820197708804
20449,10.908624566026425
20450,27.490629312591278
20451,20.430640410922233
20464,3.6172623274669107
20467,13.578566668760423
20475,38.77199568871842
20480,13.658005141580809
20482,13.035481301025285
20484,7.790345560084738
20490,36.94648443479777
20495,16.05394853452817
20512,23.084577954896485
20517,15.273154480402287
20518,8.807683948298859
20524,47.323442849945835
20526,47.323445801952204
20527,47.323447277955395
20528,42.47842506105037
20542,-1.860455782902207
20548,28.09411433737088
20549,19.329266660448912
20574,26.73921985271831
20580,22.379827913695845
20585,32.49506055497389
20588,23.615366664142645
20591,25.80908667450763
20598,26.194284724752922
20599,24.236801939813343
20600,13.251785281148607
20602,18.08544373160267
20608,29.070916500561854
20612,13.872587361870679
20617,29.38358699438164
20621,18.30242259819183
20626,19.69871159783119
20627,15.589843708488775
20628,16.27586395349928
20629,21.07091919441496
20630,17.16464800586937
20632,26.26580620086725
20636,19.920114308150385
20638,22.416537313748737
20645,6.619951059872655
20655,13.49077376961188
20664,11.269885115560918
20665,12.625500974930596
20666,20.70444665600756
20674,22.27393425503978
20688,23.49436751577011
20691,40.02069731578476
20692,40.02069879178795
20693,40.02070026779114
20698,25.94190680713577
20700,20.77677105162518
20703,15.381153393130244
20705,15.381156345136628
20709,18.823201753592908
20718,39.30878139644747
20720,8.587381785006663
20722,8.499459495074412
20725,18.416869795352486
20728,10.686555041762979
20730,15.553280406402497
20740,17.257646031565148
20743,18.3601238911145
20745,22.42639474315317
20750,18.252009499100883
20757,9.33556222577608
20758,41.17707900167106
20766,32.87291089794425
20767,10.711842958604258
20774,16.694806720577308
20775,11.736753467053099
20779,8.851673182555622
20780,7.83860183651899
20789,10.499614043563831
20796,3.545679805315487
20801,11.270087327998077
20806,21.169478254701506
20809,10.633841117179905
20820,38.154637935669754
20822,19.45561702027418
20826,24.237662877008216
20829,21.17046479104216
20830,23.241484728684757
20832,7.626151827304945
20841,14.596843928947
20843,23.159484534932137
20844,23.15948601093533
20845,23.15948748693852
20846,8.72011732486623
20853,19.455662776373106
20854,19.455664252376298
20858,9.399246692606233
20863,16.86310421678223
20866,38.15673796643681
20867,10.896273320092995
20868,22.443491791945466
20876,20.0407524819553
20878,8.378755679233926
20884,17.6966236257763
20886,11.95970802806465
20888,16.812447461430647
20890,27.56347835139478
20893,33.24402387013116
20896,17.701020582388697
20900,26.301233461018914
20904,29.380688887974483
20905,11.64157241657438
20911,25.80423601542977
20920,14.655622019015684
20924,43.64732798257195
20925,21.019605216536522
20940,10.997713331460524
20942,13.837189311988148
20946,19.41544624085429
20950,18.577886785224845
20951,6.030272373117462
20955,32.58185390296403
20957,15.757949668051953
20960,19.77377236082877
20962,14.149305205054194
20964,5.215614009964817
20970,24.199924140037805
20973,11.079755751855167
20977,24.507201231053717
20980,9.717651016996331
20981,26.882723704182315
20984,25.914994733857643
20986,14.305055742271268
20996,15.694715401114582
21006,28.635901472071698
21012,28.393562709113024
21019,18.818709330317613
21024,25.131461333332314
21025,19.714475408231888
21031,9.160597198906071
21042,9.31881582780661
21043,19.33123946338826
21044,51.28939116292892
21048,35.8305957020596
21056,33.79522657141034
21058,-0.031642036479276214
21080,12.893358142584333
21083,19.41786628517797
21086,9.71084086533049
21087,17.35112219709426
21094,27.112412040914098
21110,26.88559867646787
21117,7.442170019227753
21124,20.525516281547883
21125,20.182706261308713
21130,2.996386097057446
21136,13.942201827244748
21148,36.80650952608998
21151,6.781500294218912
21158,13.578934134056624
21168,25.08739537807988
21170,4.412866382232799
21174,10.133913634257006
21181,24.520160451005427
21189,23.890677615142824
21194,14.632169048293083
21196,14.553135442708925
21202,12.336458245463383
21213,19.98796429419065
21217,19.746056156054227
21218,43.05047859280745
21219,17.621852638628827
21222,21.307274828193645
21225,24.227969344096874
21240,12.666755066882882
21245,47.84147230526332
21246,25.134376483617455
21259,34.59446543947654
21262,27.28730968556229
21263,17.81387768651928
21268,17.415110841348994
21283,4.2240736915181785
21285,27.748274027208755
21290,9.824997459256288
21294,9.825003363269055
21301,21.3536239016634
21302,14.279382462796821
21308,21.27703119919993
21309,21.27703267520312
21311,22.068557934563277
21312,20.174488660695065
21323,18.219181663758665
21326,27.219512099302488
21327,21.858883676999884
21329,47.29690247577409
21346,15.005420772292272
21347,15.005422248295464
21348,32.24515213755522
21352,23.668748326639648
21359,18.1038048243144
21371,32.19266650747929
21379,21.29092020520854
21386,17.736317511741408
21392,3.746298466122937
21393,23.823805229092702
21394,22.271255917428466
21398,20.27974176178269
21405,7.887440057570842
21406,17.39375610478999
21408,32.29927583633577
21410,28.893769352583984
21417,20.307132407859957
21430,18.581176409556516
21431,18.581177885559708
21437,21.635759827075486
21446,29.64577018606528
21448,18.070100766062044
21450,19.7728380801835
21453,29.423300158995946
21465,14.623678329761194
21473,6.610255736378157
21484,24.262057758819477
21485,27.037530697976667
21493,21.032939206955067
21497,32.13890410613038
21499,15.251066133323054
21502,29.201102111266888
21504,17.928073133551695
21506,2.8072396224673284
21511,31.911594414383995
21519,11.168423824032143
21521,37.12512343592701
21527,6.97584458929115
21533,25.193978946674864
21535,15.728611374924288
21539,24.564374788044862
21542,22.660360676858662
21544,21.329164895680467
21545,11.831056408545301
21547,9.272778230875147
21558,16.482272410582187
21569,23.729080536562297
21574,34.03992626639568
21580,18.67589810739118
21595,16.837022058167694
21596,7.097985829213691
21597,6.197724868960172
21598,1.6568877427662656
21600,25.589260912307385
21601,29.891157540172177
21605,23.138220046576766
21607,7.233003439857413
21611,31.275046121912926
21613,17.39406163745051
21622,23.12447995644968
21626,15.541236581137799
21627,15.54123805714099
21629,15.541241009147374
21630,15.541242485150565
21638,13.187821085071256
21640,11.13972819354148
21645,33.042072059624616
21646,23.388921765370082
21648,28.863936557480113
21658,19.056161070030956
21665,41.60193547052357
21666,41.60193694652676
21675,25.141483146331726
21681,6.697987428274288
21687,17.174743621986426
21690,32.65064260541557
21695,32.33233777001989
21697,14.56359549326216
21699,27.907222694235575
21701,20.268809219610052
21702,4.9519199590140985
21706,11.40814189393748
21709,24.847983497751446
21712,13.87286629772677
21727,20.363749901140114
21730,14.047193346788365
21731,14.047194822791557
21733,19.547149792769776
21745,6.4189772531302935
21756,14.313407857704664
21760,21.778072922820936
21765,19.223286747904897
21766,9.337051512995707
21771,24.30959748682321
21776,14.292763179590114
21781,11.907962484192758
21782,23.04214216335426
21783,14.538034793106366
21793,19.255559572338516
21794,31.060855103424114
21797,13.576784475397112
21803,35.8187999264908
21818,14.983322738151866
21819,11.221405857285355
21833,18.4754295573991
21835,18.475432509405483
21841,9.175451507175822
21845,13.290118160029586
21855,28.241380323818436
21863,13.880429904615696
21865,19.451276524661726
21878,14.536282530625467
21882,7.553415052011452
21888,36.54071715927512
21890,20.913373321847576
21892,27.171347086034256
21893,9.437312702440956
21902,39.00466752191684
21912,4.781032141934382
21917,15.388275183844602
21921,23.41237508099565
21927,34.43614853811924
21931,16.193517002001595
21939,6.125314528884964
21941,11.338109868266958
21946,11.970491725922884
21951,4.069655399736163
21953,35.64678174401813
21956,15.349462185733618
21959,29.387193919541435
21964,27.764387039898896
21965,6.419301973832297
21968,3.333593130623207
21972,32.65752678133083
21973,46.49622500213957
21975,13.436124032434599
21978,23.6047187547745
21985,19.24625091801224
21986,16.89935653632401
22007,14.989765559323136
22010,38.18890548945906
22018,29.59301484923633
22023,15.724902623448958
22029,28.62199363125544
22033,5.069084610837805
22034,10.93731094278197
22048,4.9500457078496325
22050,12.264161039777754
22053,6.6313918365950215
22057,33.722091470920944
22067,15.307335712589737
22068,34.434488259489285
22071,19.266030490285363
22074,16.34040161328137
22078,37.315938187388355
22080,20.961641698817868
22087,33.87816664904797
22094,33.34749269045568
22101,19.767860874314
22111,4.2928305957277715
22113,5.319159765275877
22114,27.826255562286544
22115,17.49029533597059
22116,14.275448302471734
22118,16.660239947980205
22119,15.729473360787782
22120,3.169021290673456
22122,12.853464782858232
22127,18.527502162166012
22130,15.1146244556268
22139,41.50153069600644
22143,15.908696794405376
22144,25.230986287092396
22152,18.895252509713732
22154,11.081498911623633
22165,11.813157351856084
22178,11.162945879864512
22180,27.449315107079446
22184,37.37830457196513
22188,14.5181963779732
22203,16.864591250264983
22214,28.860198652805668
22215,28.86020012880886
22219,14.780082503854086
22226,18.922844626375745
22233,29.662900381344162
22236,6.549584898392247
22237,38.27454698995798
22240,8.170083197569799
22242,12.321926002102089
22247,18.822897070032017
22248,17.486798967645303
22250,18.622926380442525
22260,16.242895362863113
22267,7.276313828464275
22270,7.27631825647385
22273,18.014771609542525
22274,16.231952448769324
22277,18.68308690534352
22282,22.373430527573962
22284,19.577891079858407
22285,19.21105961725282
22286,17.84630534481302
22288,25.079739516341046
22291,5.798857000854795
22299,20.349792449573837
22306,28.688744313015615
22308,10.10648681261371
22314,20.45983911162708
22321,25.821835039254825
22329,18.645549636363395
22330,18.645551112366586
22334,17.84645482086805
22335,20.24210799910424
22336,12.00126456638609
22338,20.517202842969258
22339,30.094096366904555
22351,22.329857840264314
22352,18.627727121495017
22353,8.792337239530362
22358,9.820967770286192
22362,22.352804866285684
22368,15.239359027788812
22371,21.15038364199977
22373,29.807206035651337
22374,14.429330890295827
22375,8.264152925079294
22378,45.95491708085112
22379,15.792429846728059
22383,18.6201127367049
22388,17.94162454089533
22396,13.546791627670281
22398,11.177323309796034
22412,28.06779476383961
22414,12.260236872431705
22416,17.794269624169065
22421,21.725361566276664
22435,9.256721791267672
22437,8.332851820409626
22439,17.202310310432043
22444,11.9820317119243
22448,33.808275109408
22453,21.684810609405485
22457,16.213753854655156
22459,23.998819022735137
22461,20.589256025532517
22462,13.741987067136566
22464,5.393139421762822
22467,8.542717963526208
22472,20.788087412300687
22474,20.39651642572478
22486,22.80086521324107
22489,11.315090696658796
22492,28.322598855079878
22496,31.730523414729813
22497,14.365459962297837
22498,43.5353286560115
22503,27.452080950046128
22512,14.485572056235892
22513,14.917208084989237
22515,16.080312433753658
22532,22.09306580578458
22538,34.13197843222369
22540,9.696871952166724
22543,24.3126358624117
22544,18.710498370578943
22545,18.710499846582135
22546,8.969185855029593
22554,32.72612364060099
22560,25.479543669298398
22562,26.16673207815106
22571,8.87742228093962
22589,19.13639491012984
22591,17.45253381967159
22596,7.054367811142278
22597,15.27417922366158
22601,16.41831164485392
22605,28.13965055212353
22606,9.461463322416385
22607,22.256247151287926
22616,23.003136530223816
22621,24.837594470702445
22630,29.913170863853015
22631,27.733846196502537
22632,22.768041526096372
22633,5.900454410725942
22646,23.699256371243653
22653,20.467149709812322
22660,16.66253249273132
22664,14.477253656203306
22667,23.316083523242074
22670,12.48145690631263
22680,18.19964615205772
22682,35.21362844976808
22685,26.864095345357303
22691,12.648937262656904
22693,19.941588693906372
22695,21.25399491172526
22697,23.16642071835523
22699,33.30240938131837
22703,19.463164235038352
22712,29.776994590780046
22713,14.654124387123478
22725,17.595245133582626
22739,14.09078102845243
22746,20.618884540725436
22751,6.624928038186532
22752,23.79133688660195
22754,12.099157545279297
22757,18.222810271482732
22761,7.71973239011076
22762,17.47086289894327
22763,32.18453270620277
22764,32.184534182205965
22772,33.797759392885936
22774,33.43014836456325
22775,24.104535848759976
22787,28.173818037577536
22789,28.17382098958392
22794,11.484295722190591
22795,17.978093439682123
22801,21.104010389220715
22804,7.797487338208565
22819,18.70993850133441
22825,8.52452968680005
22827,26.670847381016575
22840,21.213843413260467
22841,14.298340232986892
22843,15.380894055342697
22844,15.380895531345889
22846,25.865752798012767
22868,10.415883914960865
22879,7.475636867513991
22883,18.80066761297127
22884,13.580134462356291
22902,16.633809263374804
22903,12.37696339632307
22905,30.29529385387597
22907,15.258397118769754
22916,25.83566961864553
22917,22.594313480799183
22920,16.672026096051372
22921,3.625500279382493
22932,13.035347713107733
22933,9.45813842032129
22935,38.8034306822117
22945,40.09325753507049
22949,40.30745767274769
22961,9.372569082365654
22966,11.19047324956042
22971,7.198701041524679
22975,15.171126822103712
22976,23.32750706338599
22981,24.88291794071613
22982,28.102941676970435
22989,15.773698687289642
22996,18.657442443539086
22997,21.820868583641346
23007,38.11641789979684
23009,19.885787861453228
23010,24.19636979716248
23039,32.998106881439156
23040,15.156443137901643
23043,4.218473768137152
23049,19.722220286187646
23056,23.359026548013492
23068,27.784211444451667
23082,16.48952101807453
23088,52.614960449280986
23093,24.84976308000798
23106,6.227434513913963
23112,6.444784165114022
23113,12.478802643895754
23114,30.979755901530456
23129,5.544262205687552
23130,12.042986058137018
23134,29.741510906092973
23137,33.91153127246608
23139,6.487515668141732
23143,17.58802462242561
23144,17.75089739740027
23148,2.850212423059311
23155,33.300949041069074
23160,12.460275289933044
23162,20.17329963824893
23165,15.202199488795461
23167,17.62472789284472
23174,28.650535552365756
23186,25.01864559249925
23202,5.289633413331167
23207,15.32044433576711
23225,19.147730942807915
23234,6.321590584610497
23243,16.587298926886877
23245,17.793150786297613
23248,34.31728972789162
23250,42.45705862469755
23252,32.41423917721323
23255,7.363181299832824
23260,15.593730024890444
23269,11.341775821171126
23282,11.578085223274012
23284,18.55850103730612
23288,25.26451697344447
23290,25.94429156497225
23293,16.071277071884882
23294,23.803895328533226
23303,26.88347387865102
23306,12.131293188815217
23315,9.205745212285315
23326,26.40629614109032
23334,20.775641579556197
23335,19.732002373193342
23337,27.95755446919348
23342,3.29589567489689
23355,11.989853013893558
23358,17.470649734879526
23359,25.42394981708787
23363,7.926351089741829
23364,11.407882760365773
23371,23.76559832642791
23380,18.92721372057449
23382,4.796513030156891
23383,4.796514506160083
23384,37.86508743865777
23387,20.27301967017645
23393,17.594122337499034
23403,17.823154649569677
23412,12.765605832025749
23413,28.12265306976528
23416,18.694614188351235
23417,16.404655670737643
23424,11.821576885328085
23425,11.821578361331277
23430,23.624493881087933
23440,4.827824470801488
23441,30.376447269079005
23442,10.765912145812518
23443,19.071608850932616
23444,28.069317999132632
23448,15.638583019704388
23451,6.672565517466353
23453,11.980905749338397
23457,21.627923996095877
23460,19.06288426067721
23468,19.93234188289991
23472,18.635337786105442
23475,9.582385959276664
23483,22.069276363692556
23491,16.36483860292122
23492,27.439699147726312
23494,41.29940128543625
23498,25.817962441918798
23501,20.351525893668803
23506,35.06579931335473
23519,3.3562045777264586
23521,13.812711952690215
23522,16.00381664404897
23531,14.631792324104868
23533,25.54872530015908
23537,12.674858130303758
23540,8.137946341044376
23543,7.2101549969054375
23544,50.5477832395771
23547,10.567714998331006
23548,9.710757834082436
23550,11.99658337551579
23560,18.31306164211441
23561,20.18863276859027
23563,23.155373065127275
23566,14.964772741635802
23572,10.238112828594218
23574,7.841496089195232
23575,17.72872354964441
23581,43.19719202046886
23587,15.816526501638275
23588,15.816527977641467
23603,20.585852495630665
23606,20.87300279345232
23615,16.98508996626708
23619,23.319108214975653
23620,27.682022420149057
23627,13.754963728958707
23634,10.108443992844862
23636,30.439243349572738
23644,18.69033991655642
23650,19.558116465910008
23655,4.83146901546095
23663,20.955674803355326
23665,17.3497618710223
23673,28.999073916305594
23678,28.443997082161378
23680,25.21112908510587
23681,19.90556048650524
23693,19.0968619831978
23698,15.782946715160453
23700,4.247577696340464
23702,16.990561782120242
23704,10.03567215351054
23705,15.633051837527365
23707,6.421873171390864
23711,18.745124531085754
23715,11.48700404124779
23723,29.595211981868918
23730,9.987363585798438
23736,5.929291472077843
23739,25.485592547021742
23747,25.158422787845804
23748,15.731877769985775
23750,3.72066050972348
23752,34.65831314215205
23762,20.33799108613397
23766,28.066252148562402
23768,10.284686562220529
23782,4.530512397240372
23785,5.0716705684282815
23795,21.314672909456025
23815,32.05594814812525
23819,52.42602153406503
23822,18.299448473221364
23825,37.46868170510842
23829,35.7325031866162
23838,1.913676562075139
23840,13.788236723719407
23842,14.60438880992361
23843,13.324555299179863
23847,7.778319595500022
23848,36.60736943530797
23853,23.3110742549043
23855,18.94986697180966
23856,25.013874254346188
23857,13.859219267963589
23871,2.9016921964867564
23883,6.207774997486062
23885,17.9734614352739
23890,26.336753700109202
23899,13.743136721907373
23901,27.031488972907074
23910,28.37690537342331
23911,2.0827521033358565
23923,27.56707251209112
23929,22.257179258803905
23941,11.482845028789793
23949,24.889029558362456
23950,27.265509804567376
23964,15.547253354481118
23970,8.819089248592963
23975,19.44562889720004
23977,38.88180978064996
23979,8.235104544108005
23993,28.80409885993217
23995,31.298710768948116
24003,4.374286029653639
24004,18.683871671798162
24011,20.428890421570248
24014,11.482710322788172
24022,16.245407875772973
24026,13.050459252321538
24029,24.90249957159543
24030,28.14193176102346
24039,28.095657027808112
24042,24.659442959673658
24055,18.41120999642077
24068,14.278470550122929
24070,23.13516056902795
24080,27.947058238252257
24084,17.943046746997478
24097,27.504674033147946
24106,11.68981344985216
24113,27.87496045435849
24118,13.021943078664023
24129,17.82163310739079
24131,14.404818276484878
24141,31.132016875476307
24158,19.233412107605435
24160,11.982634730173356
24161,11.982636206176547
24166,9.944060811891212
24168,13.352412223716065
24175,-4.527822541358859
24177,16.272376900357177
24178,18.5656771556985
24185,29.977232376533262
24188,18.050220094689326
24194,9.205026821738677
24199,25.31530126419737
24202,23.29012304143173
24211,15.808713492344975
24214,26.529234828949374
24218,29.801651207921086
24219,18.57971797198714
24221,32.76165561974901
24223,13.711533678067532
24235,20.022489990746767
24238,17.67248699709312
24251,7.711862103280431
24253,4.464289355435476
24254,4.464290831438667
24258,24.984028082542668
24264,12.657798260358916
24266,31.651507554110427
24299,23.923628084923624
24300,13.756265430125474
24302,7.820786576337628
24325,22.770540399498575
24346,12.67648011220409
24355,32.028266269444416
24360,29.82772116120825
24362,14.478595625296212
24370,40.08711600371622
24374,13.764919843636527
24381,24.406302713910268
24387,14.040519073991451
24388,9.382400778822735
24389,23.597145273845133
24390,8.279615970205974
24399,8.13641259588017
24400,39.3890419896798
24403,18.736556967469287
24404,42.17476660700902
24405,20.479859761897362
24406,22.337467966757874
24407,3.397143007544578
24412,4.894417038051145
24418,12.422563524648538
24420,7.477911388431188
24421,15.062034373446433
24427,20.554507714757055
24445,19.778876320002542
24471,18.672976241170307
24472,17.163584203075008
24474,18.10280563383994
24477,23.957602288475922
24480,22.134434857231856
24484,21.018658343288113
24485,5.724887786535664
24487,0.5590544896027296
24489,8.616309873198563
24497,23.701988453150026
24501,19.08678669255598
24503,21.057218126523967
24504,25.47046514065892
24507,27.623645930835355
24508,27.623647406838547
24517,18.87713935622877
24518,12.135003870408774
24519,12.534329439286243
24520,23.970219357035052
24522,39.04174832763327
24523,9.15500311581362
24524,20.215628138475235
24529,19.007624026739304
24531,27.73233592680798
24541,13.976948259726331
24548,14.417061306378589
24558,8.920236790996093
24561,8.92024121900566
24564,10.34128388503845
24567,17.384425468710877
24568,20.222522026889354
24575,18.23218109918712
24577,20.55472911523569
24583,32.892078945040595
24589,32.38603115205528
24592,31.043703761965002
24603,24.146380829322386
24604,24.146382305325577
24609,21.077278320103456
24621,24.85753733695603
24623,23.334969022896832
24628,27.405696597295016
24631,14.975058829186839
24638,16.790896327401516
24639,10.002714759099405
24645,22.785273227813494
24656,33.907176301908464
24661,11.040308407330734
24663,3.84972825067436
24669,13.887749202550772
24681,19.886940212084784
24682,19.200335583905957
24687,16.222716758172698
24689,16.079783816955402
24698,13.994435837237777
24701,4.880706087872085
24702,17.207512101195572
24717,14.317778303152952
24724,12.771151432837499
24727,22.744585110535215
24728,14.381746935209936
24734,24.270268737800667
24738,13.352325169660414
24749,16.800895547732257
24759,18.804691236879822
24765,12.84600592134742
24769,24.24478667524261
24796,29.650714796754844
24797,15.436556381719274
24799,13.254284514486336
24801,1.7765760602828848
24802,1.7765775362860694
24803,25.159486954062
24809,23.431026941792215
24814,21.60015694879444
24815,17.52861669302955
24828,16.30764428895603
24832,12.588136477240177
24839,22.951792401691204
24842,23.14481728202846
24846,9.257044975083168
24850,14.62106001032743
24851,19.68478860574476
24856,17.972415709190837
24867,18.98606824202321
24869,24.433971668553827
24871,29.57326882717351
24876,18.516640490152927
24888,20.856588682577847
24904,29.276733837992527
24906,9.254817837019722
24917,16.194171401640805
24920,17.67735366048414
24923,17.48682183374005
24935,18.96003859413619
24937,17.208862217374648
24943,23.56837286433863
24945,23.57772788755427
24947,5.218616865107769
24949,16.554253882706522
24951,32.39132806078469
24957,26.726611941226185
24963,23.847456681997915
24972,45.391610152300174
24974,24.341999274435043
24985,28.099945295776177
24988,42.08659786731849
24989,42.08659934332168
24992,17.46282959307481
24997,26.25262894821927
24999,12.306034277920638
25003,17.450517216104135
25010,24.522309175362967
25016,13.682372222551727
25018,3.161507880596041
25019,14.18084368077125
25027,17.619596323593132
25033,8.826185188150134
25039,26.81352316164799
25040,21.43833272378731
25054,4.7389153449299855
25056,10.292291545028867
25067,5.284754392191353
25068,29.895895105039624
25072,8.800632616752257
25074,15.440816894370247
25076,33.59322137433884
25080,14.293752928033403
25081,20.201614656368907
25086,20.676968482350507
25091,15.612281888918393
25097,12.032334590357593
25099,20.67444091859902
25101,14.472360489802643
25105,14.04177287969765
25108,14.98974994546776
25121,3.0857767317642093
25122,35.319395299318614
25123,15.058878044008399
25125,16.303482962003574
25126,22.576123820885474
25131,21.026950285057072
25137,20.280841740379845
25139,16.254373879144087
25143,12.894846512858138
25147,53.35783584416173
25152,7.005230284961524
25153,28.741066869580447
25155,17.374969172599027
25158,10.547894731863774
25165,9.536590725219234
25168,26.96252296442893
25175,14.653817565628348
25176,13.06362429895534
25177,21.51478896022928
25180,9.657058360864532
25190,31.564046462772257
25191,16.796921878804785
25198,32.31890693611663
25220,12.570626871129242
25221,13.682973135506707
25223,34.95658609117362
25225,15.103619355479044
25234,31.749709360319155
25241,12.69979226980589
25251,22.034684478994453
25255,26.438014218428993
25257,13.195433488255244
25275,13.467451208915563
25296,10.07054900625031
25302,6.635098166351749
25307,48.041110510993775
25310,21.770726492926816
25313,28.341985894296958
25333,54.16793350334973
25339,20.55099673828874
25341,20.102896150255052
25343,2.2070067349855407
25351,41.35139607973379
25353,8.763125702156778
25363,22.00052520620199
25366,7.714661592248724
25369,38.161352274185205
25375,7.112759059221517
25376,7.609079455033417
25377,25.136205086338247
25381,14.812717707052858
25389,4.030975462748451
25393,11.958806420416089
25398,13.552391683127638
25399,22.124706558508752
25407,13.378800950846912
25412,10.405242619472613
25417,14.680506588849031
25419,40.900310381605095
25420,6.365039462035874
25421,4.992289793792871
25422,18.07877073215462
25424,2.0708978135936675
25444,4.338562600213585
25446,28.148568457088178
25449,10.108044962942131
25456,20.15770176685402
25457,5.1713882409407645
25465,30.508612723934096
25472,23.207309721254934
25475,10.883893224239994
25477,34.90464792665867
25485,30.588404330502048
25492,18.07487799473161
25498,14.643316828058847
25502,31.119579680476033
25509,19.436864622613275
25516,19.809354286724076
25519,16.234165844324753
25524,11.551153744990636
25527,7.319266912341611
25547,31.27009382356899
25552,21.808034946375773
25553,21.808036422378965
25579,26.441734271675333
25581,15.251492805804144
25585,22.755049899541778
25590,19.102859103326484
25594,35.872473517294566
25597,10.112115837178646
25606,28.271255564530623
25620,24.04912773354626
25635,4.660308718692484
25636,2.935678891519423
25637,23.107337774132493
25645,8.279479308132807
25646,20.43286684799141
25648,43.32377092775576
25653,18.818690275686226
25655,30.234877717012015
25656,17.102565032264042
25662,20.68516009566125
25664,19.77918978561898
25675,9.393738632547137
25679,36.884577817670234
25690,14.79018938580386
25692,9.32245555435646
25702,9.046549806127814
25715,27.17523571309918
25723,18.195781639197246
25739,8.615723161266843
25741,23.276401953576315
25748,22.506091233627703
25750,11.086806619098148
25752,17.248989438622917
25756,27.220942296922903
25760,22.640540745645954
25764,14.238287651688115
25767,17.269839473194576
25771,17.766379056997042
25774,16.275321857495005
25776,20.029704492897583
25783,14.319308673091005
25785,32.576919824361454
25788,39.7459104840527
25790,27.045704293257547
25799,9.416605111635562
25800,4.260669958467425
25806,25.809066291751588
25809,28.52274801392183
25811,18.033044677823565
25814,13.189588498318763
25832,36.014818759907484
25840,9.17908794583484
25842,24.55157014855995
25848,25.15655885482497
25858,19.069011965205153
25859,34.48948161457396
25862,23.17136648800606
25867,28.958800736827325
25869,18.628547228215186
25872,11.321487817922577
25873,23.107686110885556
25890,11.640087689441764
25895,7.486893540234995
25897,42.48493011428316
25902,41.54521828322417
25906,28.368290568374537
25914,12.397163269179178
25915,14.961389698092734
25918,26.19885213546336
25921,10.793403232786595
25929,31.858414640756873
25942,7.749263788701263
25943,21.509471207516714
25945,14.360297763657574
25947,22.07986881850643
25958,25.72610457217502
25960,19.016043174280778
25961,18.400617542163754
25965,11.98007645249347
25969,2.9552835987924553
25971,9.268808889035206
25975,24.88610820196674
25977,33.64747204049304
25983,11.589649152983238
25984,11.58965062898643
25988,22.60220501909374
25990,16.256194965655016
25993,7.595985379864338
25996,13.471320357539323
26011,10.95803274932651
26017,31.527232370642377
26029,25.2006150570212
26031,28.76672149319292
26035,52.24480317124761
26058,28.577751624440044
26063,11.010666127459757
26064,24.548602345967137
26066,17.232936793740553
26069,21.127554830066007
26071,17.401533229796517
26074,21.932890562511492
26079,14.71629680446576
26083,21.342042358324836
26087,5.5990437474723755
26088,22.481580279945515
26093,28.57807991434959
26097,43.03132964306775
26101,31.19476808434442
26110,26.32573962982423
26111,25.007653921407883
26132,4.231230830990903
26143,21.32083201803103
26150,15.864908531130656
26158,30.915266008825096
26166,14.811503310789508
26188,23.679125684127047
26192,25.600644882343385
26195,35.14785602586319
26198,9.272031499662457
26207,37.44368016127898
26226,18.055023865540203
26230,16.783294228470506
26232,24.493729975028227
26233,11.54157946838594
26234,16.160889180354236
26235,8.48687192638841
26237,10.631466324781421
26239,20.81815669844114
26246,27.282486061578698
26252,39.94067803977835
26256,17.063522258898747
26261,19.272214943655275
26269,21.02924355074673
26277,9.468682418947367
26280,31.762820710374758
26285,31.831993925360546
26301,12.217277663316462
26307,21.112852015819026
26312,15.435740928313098
26314,24.932059073233578
26315,24.25789700083799
26319,34.36808870402332
26324,8.680808868714017
26335,11.961795450819636
26336,8.755095536307408
26339,23.249616030263486
26341,37.907295559957845
26342,18.06817273011416
26347,18.51425022846391
26348,15.73571537828214
26354,37.608644546536965
26365,26.24714590108204
26366,14.819230132696195
26369,20.47957647028014
26377,9.657872204764779
26378,12.979078633312234
26388,21.97281019758694
26390,13.504243965943878
26391,20.294105149387466
26405,16.831776746466364
26412,16.661725643547573
26419,34.03766183071512
26424,29.564174227482606
26427,23.80437286829937
26434,0.3327986451063154
26436,7.592726744327901
26440,21.789481017270003
26444,11.885725308888318
26445,25.872830624142136
26449,26.168202218106845
26452,26.747525707692827
26462,27.90059585283993
26467,12.659540824002232
26470,8.567684140654194
26473,16.45547189631832
26477,14.52602123288796
26480,19.564795995717272
26486,26.5497331984762
26494,19.952385743362317
26498,13.132023437906312
26499,40.91809778163258
26504,26.748981809563237
26517,27.37865360397682
26518,17.17659545256056
26526,20.209263478184912
26527,21.331070836562358
26537,14.991448413688513
26542,13.750146386607717
26546,6.378835367191719
26548,14.598968606226979
26556,3.2387796869297816
26563,38.20257991669399
26565,21.349903193160447
26571,10.73933919980211
26574,33.40206423532841
26576,5.542341269974713
26584,7.678505937900347
26587,10.540833198331903
26588,22.846528472390037
26590,8.50812068179868
26598,36.867634620071755
26600,26.67933265430501
26602,11.992063757681542
26604,24.45471435741032
26620,9.735737783248421
26622,12.678898904495995
26626,20.136043218156335
26634,21.48827663397285
26635,10.469498084313098
26642,22.440033015547957
26643,28.972208741477917
26646,28.113263218964402
26647,34.40568954077254
26653,30.78866419954726
26658,43.191876637382734
26660,28.988894076054446
26666,13.686614152174819
26672,16.29404539869815
26674,23.999865150529946
26686,25.325236015700685
26689,24.161672892163626
26692,25.325244871719836
26711,20.45500133705735
26720,13.148835277332893
26721,13.148836753336084
26724,17.8490533181571
26729,11.180895627668072
26733,18.018846594831512
26736,21.353033140172617
26747,16.900716001756752
26762,18.91132558159484
26763,21.08669588257249
26772,3.8595653355771837
26777,38.28512842421925
26798,13.689560977673047
26801,25.04358974282879
26802,13.317407230243475
26804,22.717763737238318
26805,25.494280854038198
26814,15.290123515019946
26822,27.033789452354657
26824,6.574504497464833
26828,4.94205255012637
26830,13.714286309321999
26831,22.90721075402953
26842,27.14935365828065
26846,21.095402372212522
26847,13.629749948427467
26864,19.061149181072533
26865,19.801138885057103
26869,7.046009011671508
26873,29.491424740531553
26891,42.940147982692295
26908,31.37050219114767
26909,20.89313599904173
26910,15.74764370533855
26911,15.747645181341742
26918,25.508826853272165
26920,35.7259001526449
26930,20.834967255086934
26937,18.86149839909132
26939,18.30586005539902
26955,22.527502115145207
26960,16.51140077911555
26966,27.18208074702247
26967,19.84946919911096
26977,21.51702264295675
26979,12.418475562025858
26985,17.546109626346666
26989,16.534708568094278
26992,37.4471583657232
26997,27.327821930912624
27000,22.385321108369855
27002,25.83004716848222
27006,16.195438679058913
27008,18.600667908499094
27014,10.00906715203562
27017,25.534682722566362
27019,11.730656891104939
27025,6.246709527529454
27026,18.90820972128478
27028,19.81092303878083
27030,25.313736916175305
27039,16.905331129215877
27049,37.98685078718657
27070,8.549512006213966
27080,30.389596323063362
27081,30.389597799066554
27089,31.42660204280656
27090,28.940125298615417
27092,27.167672552746208
27098,24.85998021692399
27103,5.543119123656325
27110,32.65065922967706
27111,29.157368365235595
27112,24.324178951998444
27114,23.335339768038896
27116,22.75669595034621
27117,18.127368707422388
27118,18.12737018342558
27119,47.29547585869085
27128,31.728045147224268
27132,11.66046126354157
27135,10.860297096425889
27146,6.16996237229111
27148,10.776949194384564
27157,20.00434024111058
27158,16.14968414052156
27164,21.352150679829723
27165,25.052514463958932
27173,14.690565781176876
27176,22.228767543913403
27179,31.908876518841648
27180,14.662002844872209
27187,25.783623869548936
27189,22.07616792152324
27192,22.71316730406944
27206,19.065963498721747
27215,20.319883524464107
27219,7.020426970108325
27228,20.932091275692112
27229,31.163053244598846
27236,20.218478339627584
27241,14.845959624396958
27243,10.120014396367118
27246,12.218672486331872
27255,23.82054983742267
27272,38.083289821868036
27278,15.551567632557056
27282,16.49858427979709
27285,16.498588707806665
27288,16.96873865600482
27291,8.419441481162345
27292,26.11010350337727
27298,16.392059112571904
27302,27.39828182972855
27304,16.56568140727099
27305,2.6452257851923733
27306,28.58372588333442
27307,24.678348281385727
27308,12.355879750966153
27309,20.445072980602067
27316,9.479559175973083
27322,42.469832970305276
27327,10.8600251579665
27329,1.1872573874705807
27332,12.481386763181046
27333,12.48138823918423
27343,9.211690553138304
27364,20.75570844426672
27367,37.03233171572771
27378,8.842222583119622
27380,33.989140249700924
27384,26.80201511142133
27391,15.483438994664429
27392,27.285784110953582
27393,14.80646570904904
27397,20.938001112598766
27400,5.475050946318326
27405,3.021127581489907
27419,7.482337922000724
27436,13.233886490147562
27439,13.233890918157137
27442,36.590258997537006
27446,36.17119442714849
27452,2.783304871963246
27459,22.58371624806073
27470,5.353016896828969
27471,34.754298876436394
27479,16.254237193232154
27491,14.657235989018506
27495,5.198236018160458
27498,19.288033179797598
27499,10.450483816320066
27500,25.02347291602648
27502,18.85896762940175
27509,15.033483362855751
27513,3.1424779018842273
27517,18.075247036444825
27521,14.854595127567112
27525,14.854601031579879
27532,17.84012939231788
27534,13.565630643643452
27536,31.537904868332337
27563,39.62047555438545
27569,10.65759503443153
27576,11.537877188842462
27580,29.210402063769852
27583,11.63179745707756
27586,37.41593899707124
27588,16.911368160448536
27589,6.420835758733638
27590,24.860488241577105
27597,8.54916130027069
27598,7.656788986588811
27604,13.38383555401144
27611,41.625820700894465
27632,4.26337399631317
27638,30.409892599107682
27639,41.26785880172089
27658,35.15519392294539
27671,18.23401926621698
27674,28.73793039747935
27683,18.992395338464075
27691,22.176743970799937
27696,19.33550406315428
27701,21.64926168456768
27702,28.53912317550456
27716,25.546051127490625
27724,23.30761723451464
27732,35.25599972364601
27740,25.727680133357996
27742,19.377385898241872
27743,32.56097102550454
27747,15.181214079372811
27748,20.289114382044975
27752,24.95991033206739
27753,14.927082267830318
27758,28.95653917598901
27773,31.417070973469425
27777,15.441843847375242
27782,6.346754564933686
27783,18.553693720063084
27791,28.477345401773373
27795,14.519192236227301
27796,21.35459770355499
27798,10.523428908157307
27812,25.876281342298544
27813,9.110131835290694
27820,31.70544559658641
27823,14.246748721436948
27825,7.482937179296236
27833,6.327447334797036
27834,6.327448810800227
27840,18.01368741595083
27841,7.021345044093074
27854,8.93223245961325
27855,8.932233935616441
27861,18.570365914007613
27862,38.22465093048751
27869,21.085968236287147
27873,16.599777608587562
27874,17.757874397116733
27876,29.155069793476105
27882,26.61600253455514
27899,10.40334455087164
27903,4.0203269594677025
27909,25.418743375541712
27914,26.4156587132419
27922,6.265158905663604
27924,17.74932382989942
27928,18.24862759082158
27933,20.315473487993746
27935,17.7089430542859
27936,12.774519924524128
27945,26.78610678891255
27969,17.52292663129789
27973,11.66800722125199
27975,23.354453478512536
27976,27.512416292479333
27979,16.41665808766678
27987,18.242123951461284
27989,35.07125364097662
27994,10.398870490832415
27996,30.2324493921211
28007,28.926380754223796
28013,6.916108083901179
28014,42.153338385255154
28018,11.923025062771242
28021,10.574892055326668
28024,28.044648924848286
28025,29.17800079346546
28029,13.904693056850483
28030,36.615121639952434
28039,15.473245556003132
28057,19.37417968871286
28064,12.664406041515782
28071,4.91787592913461
28072,12.807483834672063
28079,12.985992964230057
28087,26.07264146015999
28088,24.503081301824107
28092,11.83087603767789
28110,12.283472016422234
28113,18.117779734932032
28117,11.727109781029249
28121,16.37786958016063
28127,17.29502478169211
28133,15.017287639943763
28146,24.31890151819812
28149,8.482718825736832
28161,22.094642701086403
28164,11.139253195562866
28167,24.869118033160742
28168,24.869119509163934
28172,24.070935581244388
28173,12.479167808233548
28176,11.208484292721742
28181,46.307996410410254
28182,18.34254526837221
28192,18.711279878195388
28199,32.03886435655268
28205,33.622337657734334
28209,6.403304901156169
28236,52.55627191979099
28240,17.8872497346696
28244,38.4608003707671
28245,38.460801846770295
28251,26.480722013403824
28262,20.49415210347117
28269,16.948367671404736
28285,15.595511190061192
28288,15.75020479974268
28301,21.046679055215524
28304,13.211546455520157
28305,23.9861827865782
28321,29.188478163050927
28324,27.89637836816144
28326,24.887492793743238
28330,9.272290780562564
28331,17.50018956089625
28343,14.685136312919486
28347,45.3619013891751
28350,19.85479531850601
28354,2.930647270423428
28359,29.218394052598004
28362,15.92635861496321
28376,11.396315534689673
28377,18.412168453898413
28379,12.92139886198056
28380,6.851808229414424
28383,13.334597037645054
28392,25.218613914059187
28397,5.526943462296778
28406,6.883948668255378
28409,30.584784410958424
28410,15.101896204589043
28412,13.522048226442017
28420,14.608030557130906
28433,21.96863977633434
28435,12.338020537387393
28440,15.945300604980222
28441,11.93746195163991
28444,18.9391714085537
28446,21.36334307241484
28447,17.777722269884254
28455,18.87164846719568
28464,27.00250890152652
28467,22.95016449582567
28468,4.403127134192154
28481,33.82000433408581
28490,19.804488890540032
28503,24.18208886607029
28512,14.290024445803287
28532,33.63365646192278
28542,4.913913167287838
28546,13.078549631216731
28549,4.408698153517342
28550,14.587674257429892
28565,11.873749379312336
28566,30.122935796900844
28575,25.848277628926514
28577,45.39449189359813
28582,11.052865257384362
28583,23.742869624945147
28590,14.034720788311862
28593,10.05018598323911
28598,14.729045958342017
28599,29.156136943783135
28604,24.75514026367941
28605,15.346707930709744
28611,23.824707671530252
28613,23.6591533555865
28617,25.548449896261975
28622,11.755138696550901
28624,15.079413934239401
28628,23.331791881622454
28635,19.375032818557205
28638,29.81484633683277
28641,22.01258689261471
28642,22.206509360368333
28646,11.756613984526403
28654,15.810601356959754
28657,26.541777829429325
28660,21.933066513370473
28662,3.6547334495136
28667,29.778317767793954
28674,7.224169177483141
28678,11.225607990530566
28697,17.364701366189966
28698,20.316991582743913
28699,8.334575171833613
28702,8.133203618761875
28707,10.614321740911286
28710,29.08858819698383
28717,21.426511555729295
28723,37.589583041164474
28737,6.382069290183004
28743,15.06252465899988
28752,26.37797966376998
28762,21.296594903122017
28770,4.8779648651794005
28775,28.10565751951189
28778,25.12816086516275
28779,20.567684940007656
28781,20.54703227883446
28787,14.988871958652087
28789,9.045833431580675
28797,22.784170649148454
28804,21.664741945662623
28807,25.11296693162566
28808,30.254336600134284
28809,15.951514137564562
28813,17.354228092312756
28814,22.393873225388067
28821,20.345458186276776
28827,15.298324297390945
28837,30.460171599020025
28843,29.139337509871023
28846,31.339568337967467
28867,23.2838210044788
28868,24.068482995129546
28869,10.141778799138475
28870,32.303267219703514
28882,18.000253575938377
28883,24.968382592889345
28886,30.024765002025912
28888,23.32855234618405
28906,41.93596219034603
28907,12.241935003322098
28913,17.286210054114992
28928,12.31132489517271
28949,14.71534962972584
28956,20.033660383617825
28963,42.89565112953542
28967,11.927401197263883
28969,6.5880672090641
28973,28.08886346590808
28979,12.904958164472148
28985,5.883397711328236
28986,26.49992000520678
28991,29.841249315635626
28997,13.688278486205483
28999,8.303414489341698
29010,29.74012919479873
29011,29.740130670801907
29026,18.12517895452096
29043,20.932218556303365
29053,36.29518968139352
29059,9.677831126590384
29067,22.282581289912333
29069,48.32152301691009
29079,22.640790355482768
29082,18.0967996566788
29086,8.41006223588705
29090,13.922974032970139
29091,23.293564485357482
29093,13.28212488243912
29096,39.078110374737804
29101,36.11363000767031
29102,36.1136314836735
29104,54.739026940975165
29120,19.42166731201438
29123,8.708119376012782
29125,24.36090019236153
29130,14.49667353360687
29131,14.496675009610062
29132,14.496676485613254
29133,14.496677961616445
29134,18.096876408844725
29136,30.496441491116858
29140,9.036451925200474
29142,18.61719801338352
29145,20.296926244040794
29147,19.35967481301579
29150,31.90002448529012
29157,37.81406335805492
29160,6.5430676343069365
29161,17.81790538824698
29173,37.2645910512322
29181,23.685541646014162
29193,35.83299978376617
29196,11.372793784891993
29201,16.056038440940856
29211,29.30631856690533
29212,30.181727378913852
29213,15.840270264411263
29233,31.306442073662108
29245,13.62848564284489
29251,20.56162795415
29254,38.13736668867132
29255,12.043734769647251
29260,20.590914786965005
29266,20.590923642984148
29282,29.951754483889285
29286,18.726510360940477
29292,17.827123704970152
29293,10.403668942850803
29308,9.836832052841011
29323,16.170864425329444
29328,10.454450648678822
29338,19.451842566387203
29341,23.411930124733477
29355,31.901988898395675
29363,12.7749114640039
29370,27.459717593008225
29379,43.984440177693884
29382,47.04982522885523
29383,13.45299660189044
29389,15.740203903985705
29393,15.102381761579284
29402,21.741380247868424
29403,36.86959243839547
29407,20.138227639279823
29417,12.882619673683784
29421,24.628294750842816
29425,35.33788256384686
29431,12.186677267776055
29433,17.74819490941866
29435,33.753212950486756
29446,28.77168633465637
29447,49.31568009028109
29457,17.57997581129894
29475,7.325094172939323
29476,23.077992950817293
29487,10.864851890438267
29490,33.21521992615604
29500,16.708049820487712
29507,9.274028036318263
29508,9.274029512321455
29512,11.665914905595962
29513,15.339811948158346
29518,25.18980628468329
29522,17.397842825268743
29526,3.284702192586529
29528,21.687196326249012
29529,25.43538991022962
29542,9.159129477055465
29549,26.466423695556838
29553,21.36121415469709
29555,37.64822919046452
29558,12.588577489932483
29563,22.41466210774311
29564,10.033912179847462
29571,18.967234613949127
29576,24.777503195625325
29580,12.554900436809433
29585,22.45835631367712
29589,30.989543333774183
29591,19.45415665507956
29593,19.402455334583085
29594,28.633421475196418
29604,12.631979214282133
29605,8.214450922283255
29621,51.45856221107255
29627,16.582839624096767
29629,22.13957674851476
29630,25.338681146575393
29635,20.346659652874184
29641,8.43641343053353
29643,29.733341153874978
29649,22.323216714207977
29656,14.079665769869838
29662,15.95182149410898
29663,47.91362927954506
29667,16.45076900265241
29668,10.69955081082367
29671,30.58217980217241
29673,13.895020919223537
29678,8.726405302546645
29687,35.29361246505414
29690,19.76925599970878
29696,21.262925749662063
29698,13.353734895827508
29703,5.059838796459012
29705,5.059841748465395
29708,16.225619639623556
29712,33.575062471883186
29714,6.933872777503858
29715,6.9338742535070494
29724,12.77580804766447
29725,4.925704931905237
29730,1.5645126673461078
29741,34.368316215907825
29744,25.268728701120427
29745,16.31812481680392
29748,19.277361766781983
29750,26.70417853650007
29752,26.856468614478178
29756,17.869941157607645
29760,11.10727357871643
29764,36.772226854316415
29775,22.091527855753714
29781,4.111739323224988
29787,64.17776960083376
29790,10.07926427444902
29794,1.6637347564822775
29796,6.648894162597891
29805,23.530754132145933
29806,10.996232773561424
29808,16.31085614318867
29812,25.767325730253322
29820,19.582243453150102
29831,16.375127943622207
29838,5.6639283688945525
29864,17.09013851122128
29865,4.056038075857138
29875,5.1712283041470855
29881,36.049733823988234
29883,4.208733611694157
29890,23.05213633026533
29899,34.16980977930547
29904,12.96069217596137
29923,19.209052003911797
29927,19.19929072437505
29929,24.323537621979757
29931,6.478045686125789
29932,8.660799006844627
29936,28.35889668711138
29937,31.24347112470709
29940,31.235886949037084
29942,24.478039505499613
29943,24.478040981502804
29944,37.99677337899534
29948,25.38213746280582
29953,41.00467867549263
29957,41.004684579505394
29967,23.666163651481657
29971,3.927375582431928
29973,18.614623350921573
29982,23.342175230026303
29995,13.22306983535163
30002,29.578738156556415
30006,21.17290090975344
30011,14.572070862793272
30012,27.674160033816595
30015,9.261928506352994
30020,15.122441903476211
30032,30.91126377630143
30034,33.282784401524296
30036,26.085680603940308
30049,26.52160857038052
30051,8.846216576626851
30053,12.972721530501907
30056,13.561821200152018
30059,40.4505874674025
30064,40.800698633467675
30069,15.210199435156124
30073,23.74878046644979
30080,6.043746806247292
30081,12.531185173499459
30088,20.20931097236735
30094,23.800726337922097
30095,5.767245713308746
30098,11.612731636433978
30124,27.39054458106455
30125,33.15120894737602
30128,52.24447681340102
30132,14.378734405456239
30134,23.951573497333005
30136,29.901682226004628
30137,24.944128583784764
30138,16.827707469000917
30140,17.92581248443199
30141,21.145003639309753
30152,19.453149781349314
30154,3.9867682060363308
30162,20.318763499106286
30165,29.99128775781114
30166,24.137256607769228
30167,23.54350649779646
30168,21.021632185374937
30170,17.899485378833877
30171,13.324607395230124
30193,21.285233069781274
30195,16.259404692850044
30198,28.707399218099003
30200,44.82700954598472
30202,16.176938739415423
30204,29.104512122837097
30207,23.508883935575657
30210,31.262599309174245
30226,41.45569189596672
30228,58.50837187193396
30232,12.561943240041948
30240,24.822302668147206
30242,19.329589321888992
30243,14.599201068290288
30244,15.175706768272452
30245,13.948577781634274
30246,15.110430062156201
30254,12.703347847021362
30259,23.87708110877681
30268,23.18047747538279
30273,12.515271819957043
30275,15.27833280324565
30277,24.3240512710902
30284,25.947392725871456
30287,25.94739715388103
30289,8.713735020572294
30293,9.92850816838913
30294,28.075834411020583
30295,19.278169140527414
30297,12.571179827736358
30300,12.571184255745926
30307,32.56632733797251
30311,26.54054690768425
30319,16.360342045978303
30321,20.318998183613633
30325,3.7767206665929436
30327,33.19566161028972
30341,15.112513262196163
30343,19.957981929058523
30355,29.18836634273659
30358,11.779719359699662
30369,15.904354367468702
30370,14.342043152947415
30372,37.020687718978536
30382,34.242287445889346
30383,34.24228892189254
30387,14.343558877652814
30389,20.746384534616457
30391,9.928652816701842
30395,22.339617402804148
30396,18.211507004462153
30399,36.629977611430434
30400,21.064611311276156
30404,16.95611307402317
30413,27.084465258089086
30417,14.8047545161746
30420,20.478829035517055
30424,13.696986200954022
30426,12.720964006115079
30434,12.844767989725092
30435,21.981922636132165
30445,41.31115134318564
30451,23.532997751919364
30453,11.182113655593668
30458,39.3674823857273
30469,12.302476538122072
30476,34.018905318072484
30482,12.75168704988759
30483,22.012292250615307
30500,27.54929601671491
30503,42.54273278687512
30517,16.97537504138337
30534,17.64832527425799
30540,4.91686222166328
30542,18.237431787725672
30544,11.406877463877613
30547,12.759883354082184
30549,24.06925385356274
30551,19.6752331319983
30563,12.455504538608182
30566,19.147216619816692
30578,15.799996392012734
30581,16.852146021029196
30583,13.476439217398024
30584,33.18150969253013
30588,28.24096530386222
30593,4.186987227829199
30594,30.960313161880546
30597,25.676118483338694
30601,11.39585745352067
30606,10.908089590222513
30610,16.238139336663412
30613,9.620823300137467
30614,9.620824776140658
30622,38.24330301624056
30628,14.488938464497696
30635,22.396484903254095
30636,12.494497695226478
30640,20.478938547298117
30660,20.55237294935851
30662,16.117003793843327
30663,25.785482004196243
30665,15.644040488457126
30676,22.402037419051414
30682,14.129722558727348
30685,19.760106452376977
30686,8.64413407469656
30696,26.058029767690424
30700,14.706946163971924
30701,17.181126943417244
30704,18.907719572863957
30705,26.339427498003115
30710,24.330334380024492
30718,14.361645639650003
30724,30.173172348187027
30741,13.958410748816423
30745,17.085029590870963
30748,26.604393658020516
30755,9.91439186891629
30757,27.30989082608851
30760,34.96777894331534
30765,20.834805588219073
30778,34.02614414016273
30787,34.15032985467238
30789,15.276322732523457
30791,10.828410594208062
30795,25.36213355900954
30804,24.566861098168996
30811,19.382347175998294
30814,8.313212973057666
30827,12.206726779149832
30830,32.18498893449569
30832,34.19639247260916
30834,20.684278978798528
30836,3.952322560103646
30837,3.9523240361068375
30844,6.590834715047059
30852,13.697825007973755
30878,4.755839625164022
30881,23.232586625972996
30886,18.15733306500427
30887,22.768847198476646
30895,13.336040408447111
30899,40.0756282149315
30900,12.62080892417218
30903,24.851907200962085
30904,29.114608217952853
30909,12.549229510120831
30919,21.116830325748115
30926,13.590258908526941
30932,32.28594646693382
30937,20.99343740128452
30940,20.550218969723634
30943,28.98810986696262
30959,14.399413214939525
30960,9.21702925667983
30965,15.256372271823228
30981,28.22898448451628
30989,9.4641719311557
30991,22.788268648858516
30992,20.348662589204242
30993,20.348664065207434
30994,12.188415461685317
30999,19.765456887360063
31004,3.8161157899099223
31008,46.95432817513847
31010,26.545250864937547
31019,32.07402389722738
31023,21.186828408231488
31024,15.218273283005136
31025,1.6097772673219453
31027,25.146165148088034
31029,13.798143212620623
31031,17.450109301339157
31042,26.17032992652482
31052,12.323895598529582
31055,12.62884274153079
31061,38.019176398522575
31064,8.216597455088483
31065,5.301239226421295
31067,9.997630539014853
31077,18.943249108007922
31080,17.869752498957173
31086,28.98732221726137
31094,10.597280558245991
31096,10.597283510252375
31101,35.28280198504301
31103,19.268773987175383
31105,35.027556020090316
31106,13.634727605341045
31109,17.408077763751397
31111,24.698443697265947
31117,13.951953692914042
31120,12.651281742991266
31122,26.228756725850833
31129,24.61654093042375
31131,21.40987205473238
31133,15.240312533826145
31137,23.873091171046948
31142,9.35533409888071
31146,4.525372296829822
31147,11.18313800180816
31162,13.209766093403886
31164,12.649868086199241
31171,19.061164498352927
31186,13.477670575789187
31187,11.125434882832131
31193,10.56892499775828
31197,12.163181011635398
31199,16.17179167308058
31202,12.241304066653068
31203,22.164812337520562
31205,3.528470794553918
31222,23.30548734620061
31228,17.36679954478979
31233,11.051886741406296
31243,20.23588435631415
31256,12.728824857412626
31265,26.182969927892845
31274,16.291548431166223
31275,16.291549907169415
31277,27.622342065028644
31278,27.366541753835914
31279,5.149261452984284
31287,24.308379900487015
31291,19.17681548739152
31292,23.178534712115823
31301,16.867302083629088
31310,34.47492005365548
31311,21.99077877641726
31314,22.84498335807734
31324,20.122226718327735
31331,18.171854578907972
31338,5.669065628541098
31340,4.407366215356454
31351,19.214602721027465
31355,11.41465287105861
31360,27.48142320582487
31365,8.275247738768819
31366,10.139708901783045
31371,33.82839254426665
31376,39.60107983513171
31380,14.628522748057808
31381,15.214326331011993
31385,17.732652607289833
31386,10.80033576623891
31389,32.16650333376401
31393,8.929803476781665
31395,26.11112065431438
31399,28.431390511885258
31402,13.68796840905361
31404,10.657682215125416
31408,10.657688119138175
31410,17.060106328394628
31414,13.822957781055106
31417,29.775283063433772
31423,39.155476177192526
31426,16.128830305713013
31428,9.708857636265257
31447,19.52338627887399
31451,14.98241304987862
31455,27.17609049856947
31462,22.632085009166534
31464,14.482994652443825
31466,28.977287525652176
31467,10.9875952639268
31473,15.584187072817489
31479,22.433951202374647
31481,29.835668976328794
31488,2.484452222743087
31495,23.927810836551703
31501,14.609795286511076
31504,23.1438322279531
31508,10.15125126539639
31516,28.89184337744199
31525,10.529929384384033
31526,16.57796190736526
31533,30.637928827512628
31534,55.269665151929246
31543,-1.7640222473972038
31547,12.119700113146294
31548,39.355978853084565
31550,18.85681574897713
31563,22.261886835919515
31564,19.02423166253767
31568,-0.05068227937574932
31570,43.7561489123334
31572,35.963322898143986
31574,18.150961783168444
31576,22.560346446402026
31579,13.381426261706071
31584,5.249002095821659
31587,29.32639113153788
31589,25.90401859226871
31590,22.310189010830502
31593,14.358642630396066
31594,17.555423514583115
31595,8.017581681282877
31604,33.57221653890703
31605,14.435455630176573
31621,6.24329103108267
31624,6.243295459092238
31631,21.916176712881768
31633,12.399081453613356
31634,14.181802863355646
31635,22.820977668994576
31636,28.154244244911407
31640,21.855303655993513
31643,7.472877702411942
31650,12.270902138350813
31664,26.264714626431346
31667,25.444788394829462
31669,18.94364747398213
31671,22.60804322695444
31674,25.138868327277816
31675,29.064257095211655
31677,18.66345761939989
31689,28.232035042056676
31697,29.623244894462207
31699,15.430926153197849
31705,19.280250305026602
31711,13.896304402580633
31721,17.41064348661266
31725,16.854265878852257
31728,12.096147753715933
31733,12.782562528486366
31734,11.868885834200963
31735,26.97942061890355
31736,17.53883211111385
31743,23.40958175252015
31745,18.400694268524834
31748,28.752466993872584
31749,25.722271567208264
31753,31.759331425120703
31759,31.74724319880335
31760,31.747244674806534
31761,31.747246150809726
31763,12.764223973728267
31774,18.495577617157355
31785,15.466146742547938
31788,13.151880951500978
31795,6.386582907940813
31796,21.802546555620918
31799,24.778043374061678
31807,28.928652248105504
31814,17.676744316908906
31817,24.393115356363584
31821,27.630462207450197
31837,7.718826868397066
31842,14.479450387405738
31850,32.79931303249154
31851,19.280465801492472
31854,22.069331649756837
31857,27.984719729827102
31859,10.975384605789639
31869,11.429125129743685
31871,21.59585630138537
31872,11.401475641845092
31875,10.333127760918352
31883,16.66817872666159
31884,29.975336344713693
31893,50.91659895148911
31894,50.9166004274923
31899,25.209279195751844
31903,4.026230972231339
31906,29.365035619509005
31910,22.44800242001101
31911,46.93052726319107
31919,22.8075087228308
31927,20.367041789803654
31934,9.269528255895743
31935,6.305301928386818
31936,12.269790956539797
31937,12.269792432542989
31941,11.778825312533591
31953,14.762642466603975
31957,14.656940289248514
31960,22.324338840768217
31961,23.115390878534544
31967,30.711379917738352
31968,9.2776604801711
31970,10.151933178870593
31979,8.522478547470975
31982,7.46165294892419
31984,13.618724640844341
31986,25.271467837026595
31987,14.970351989467947
31996,20.321470488958415
32004,54.453040729818824
32008,14.07785397967734
32009,8.289678324083805
32016,14.556550755295707
32018,3.616948517401319
32028,27.08633419618094
32029,27.906408992306
32031,36.29315345813566
32034,23.159343333098807
32044,12.654889942506465
32047,25.109147116679853
32048,15.067402849545832
32058,12.627609024318804
32066,30.85210225190468
32073,12.83690838473969
32077,22.545921036376473
32080,40.8762753910481
32081,24.035949880560604
32088,29.77364103290977
32091,16.400081555881446
32092,13.91853069809207
32107,25.565086489251566
32114,14.470018539468146
32115,11.384820327091827
32120,26.32331536104594
32125,22.410691213464478
32138,21.457983065404424
32141,13.263731552356216
32144,0.49011559242003955
32146,16.56368643982587
32152,21.607571367089736
32153,24.326820253076352
32155,23.46348866682899
32164,21.2432250800132
32169,12.9172288919438
32176,13.615148430782234
32187,14.753848556742344
32196,10.550395251892056
32199,30.311024890174583
32200,17.786207048837756
32202,6.879029143989989
32205,30.54570533915724
32206,23.277553051073735
32215,16.363140548028273
32218,24.585559310641127
32220,24.068570505558984
32243,30.01164388123288
32246,29.886037745658346
32255,28.516142833568754
32266,26.749634772022734
32272,12.409553535904358
32282,42.3417512701764
32289,19.04722335166267
32292,19.579898034869604
32302,23.766380575330306
32307,34.95060826125392
32311,20.295849384605095
32312,1.8828204953731031
32313,24.523933203225884
32322,19.570875364404007
32328,28.32712694431574
32330,7.252184308576496
32331,26.223735239601016
32333,25.7870888059328
32334,33.90946857498497
32335,11.157696015109394
32336,29.873471609607765
32337,30.46583186713335
32340,6.387387329679861
32359,24.183584772170168
32360,15.585496287647832
32369,23.53582872603953
32372,8.420808370807489
32374,14.027007183863919
32386,23.06930356803984
32388,6.964743096018985
32392,10.252176211479302
32394,44.58864000308459
32396,9.494031328930113
32405,27.064646018536802
32410,18.825727056122386
32413,20.47034020780021
32414,13.211611811316168
32423,11.287241437082834
32425,35.79339038463462
32426,14.393352354774112
32428,9.821340839076917
32437,30.040706367246987
32438,35.42726574755454
32443,5.410334268525503
32444,26.152990819954557
32449,11.055138636910456
32457,30.546077291961357
32465,20.2960766890965
32474,11.060903634840443
32481,16.87823314060893
32483,29.5308278624351
32491,32.296036326100904
32504,10.048739672707857
32525,15.664387845222766
32533,27.393461212537044
32538,21.097733019097507
32539,10.058542778987977
32551,20.289111053202607
32555,20.627254453241466
32561,36.906502568552
32562,26.575593428057868
32564,19.603120780658617
32569,15.242692004452774
32571,22.145247589566214
32583,13.331193698875321
32587,9.917095906762036
32588,28.129157242834882
32592,16.82526237773482
32595,11.333288347393669
32596,31.973875277254084
32600,10.087469750298148
32604,6.714109811128601
32609,22.865032511484333
32615,11.811200647232877
32619,17.499680306441125
32621,35.5127475808324
32623,4.326306298844436
32624,12.248770227301073
32639,15.345486537657795
32655,34.280532259318846
32667,18.654293413317607
32675,17.54021807811012
32678,11.176089212097729
32681,20.855644773769423
32689,20.976915056757907
32691,10.673001213224516
32692,6.76249020917529
32706,21.485264973733845
32707,34.71327209924594
32710,10.614901115707074
32735,18.328952276969556
32738,25.076234180461658
32742,31.525451254767948
32747,28.500019087074964
32751,25.074456267682155
32752,3.5263707651907836
32754,5.911453542902038
32756,35.118954309306034
32758,19.829593278507144
32766,15.29237400267333
32767,14.693163976289359
32768,4.617794367998549
32773,17.73953424324321
32774,10.146421290045645
32776,12.19074132459022
32779,45.31213441033151
32789,19.656400691002982
32793,18.416857879229074
32795,14.70196906130828
32813,14.218925992222555
32814,14.218927468225747
32818,26.764282459267104
32824,19.896248618264142
32833,26.26407257460122
32844,24.674941253179295
32853,13.872497392669025
32854,11.691194537382195
32855,11.691196013385387
32856,26.28800215879374
32860,10.627327732285146
32867,7.618163290054547
32869,29.465333266128514
32871,18.966001007484383
32876,24.308962205064898
32885,46.80086312935332
32892,21.32344048332165
32897,11.690769554323872
32898,5.120003650088627
32920,25.110435667465513
32926,15.438468086341732
32929,15.438472514351307
32933,4.271198289228188
32935,25.860069559822552
32937,30.524388146511885
32938,13.078800114523524
32943,20.067044139338403
32951,24.821214504969117
32952,7.559366270039497
32955,38.09116229638636
32964,26.834612447599586
32967,10.830588106358668
32968,52.87929880820104
32969,15.29984918052276
32977,10.10211719005136
32982,25.56881389484791
33002,35.233126259819656
33005,9.157758838612839
33011,18.65058061493207
33020,31.667663027164497
33029,11.245044048831954
33034,6.845691099004021
33040,21.357207953353583
33044,4.549158788319197
33050,18.164478245012393
33064,6.806396164852956
33081,16.26961340504737
33090,9.831885011028316
33095,22.670522588597766
33103,23.111314021620583
33107,25.852367394103528
33109,14.047716344112704
33113,16.493886884956634
33120,19.438067132282765
33121,8.546717064901767
33126,18.772733445836426
33128,7.435579020708335
33129,41.38564472697793
33135,25.507163447348656
33147,32.26336210819875
33154,3.6314388353964873
33159,27.69612340147913
33167,14.512111972887798
33168,29.241493084998186
33170,15.205644202303109
33185,17.658539143155853
33195,27.92141022836088
33199,23.45437544404462
33203,13.626061072118972
33206,18.099089067597827
33207,19.343107451950633
33209,19.91998031113282
33215,24.83433919633382
33221,10.555577825652097
33233,23.01035068880898
33246,17.586346123328628
33255,6.573414050118252
33256,33.160606718831175
33261,20.82330350942701
33267,38.026176167083776
33274,7.70505654402141
33276,20.35203378049228
33278,23.795077498127018
33281,21.98083632069719
33283,6.253015756506983
33285,15.320309993816156
33290,11.827469588407101
33292,18.872725175028908
33294,9.149882661166032
33298,8.397087638865024
33303,14.961655939552625
33306,22.613189341430495
33308,33.765153464195464
33310,8.887585580374388
33319,33.5816737941736
33325,34.60891915656036
33326,19.542539400894956
33334,40.2533769115483
33337,26.03842903275193
33345,29.38131424117866
33354,24.88950269584213
33355,18.396168078596492
33361,16.8239915628258
33363,13.2470452019895
33371,14.39599359466887
33375,17.81006130806946
33376,25.89038621757341
33378,19.389302293280128
33383,8.579913499192909
33386,18.01408389941209
33387,24.27726827672119
33395,8.558847726396472
33396,12.163672088781045
33399,27.551907236372433
33407,20.543646028741836
33408,20.543647504745028
33409,27.33832622257872
33410,14.30377492911568
33417,32.40314931551404
33422,3.6318344042516486
33425,14.608181578231939
33431,31.52023241874579
33432,36.472038569754005
33435,28.79380216797087
33437,22.14828305023872
33449,36.00383989429358
33450,13.085787950864962
33451,18.61756813478384
33453,42.93054796540625
33457,9.131249586553661
33462,25.377952593680174
33471,17.344168557394806
33472,4.830238199619558
33479,14.4762052476182
33486,22.597888233784236
33491,26.221227747956707
33496,-0.09885915528467848
33504,17.68455595559084
33516,33.483750136609586
33519,12.99402242158861
33530,24.201695262592576
33535,34.74191262240912
33558,44.42178255020322
33561,22.991685145321608
33566,14.405009439723589
33568,32.04597458043651
33570,7.193271981408763
33572,23.23961331697844
33587,18.099291504944407
33599,7.245080798223093
33600,23.621872863859256
33601,23.621874339862448
33602,23.62187581586564
33607,19.31464271304124
33614,27.678308001554758
33625,26.46895899410818
33628,19.365762902054247
33632,11.160173522844993
33633,26.3511976683038
33637,20.366486662011877
33639,5.252035282378976
33659,-0.5682318027999145
33663,26.876264551015613
33669,4.642781803472552
33672,26.37835826053581
33675,24.875618698042263
33676,28.564739450173594
33685,18.78316067561069
33688,14.768425082441627
33690,19.563336624914047
33691,33.7617937752223
33692,28.18095547240326
33703,9.559327986041321
33707,12.839320173953634
33708,12.839321649956826
33709,24.329116914041396
33710,29.479904566327495
33725,11.217750132303486
33733,26.92046959972153
33739,2.303246776785393
33741,20.88084050597698
33744,7.650137396118467
33750,33.1042708740665
33753,16.419911639718894
33756,18.842459167224714
33759,20.224408257601677
33780,9.67502075377515
33786,34.74629126241145
33788,9.877289550854503
33810,26.794555421070232
33813,19.88393469513287
33814,30.298798067475555
33839,39.33740709903702
33843,20.16719856667868
33849,30.356336240246673
33851,24.221136488440084
33853,6.473229275999277
33876,25.147553877032504
33889,35.94171876154927
33893,21.899699543274853
33896,20.550942265623082
33902,8.826693046545024
33904,27.28758853017585
33910,20.125754159469924
33913,23.596447074397222
33916,26.25867097006135
33918,28.784495511441857
33926,22.36331360456219
33928,36.42936602405899
33932,18.611198107874973
33937,19.279265879293636
33939,31.53794533693331
33941,21.397120716364572
33953,19.345124446305615
33962,13.016165272440723
33964,12.57708088818324
33965,18.883741146037732
33974,12.50513737012609
33975,21.494810620174807
33979,17.64720592600995
33980,0.6843861835334479
33987,10.163263362696416
33993,14.512936708732415
34003,18.007812188279022
34005,4.69593724471904
34006,31.79645389517572
34012,16.3247983872399
34014,19.573372761803032
34016,20.42107480419823
34017,34.14224703460562
34018,33.188140920640166
34020,25.200247364381777
34027,13.888275792924272
34029,50.80182655276849
34042,12.122871285961331
34044,8.406215228387047
34045,28.162599309563465
34051,18.342545544522668
34053,21.703382470388494
34054,21.703383946391686
34055,27.131596678217083
34065,16.272165518237518
34070,32.592488554092995
34074,16.39316955276036
34080,45.94518265974554
34083,9.751782669221988
34092,17.925774474465005
34094,21.341775555416266
34096,5.6617268007606825
34098,8.13252822232694
34103,6.881835026055917
34105,6.437220652569948
34106,20.298498810332777
34109,22.99020035809964
34111,22.990203310106022
34112,22.990204786109214
34116,10.0510402987343
34119,4.289945803631092
34126,25.158322669612463
34133,28.36325188435038
34146,27.738134044839658
34147,30.201986328239276
34148,15.794800859042898
34152,9.316789941283751
34160,11.036063572631274
34161,11.73713098057127
34185,44.04303434572351
34187,14.481083719086644
34191,38.96225056579112
34195,5.336992835828461
34197,17.755226588620165
34202,17.173570323722156
34204,31.52734728020042
34212,27.776914168137747
34213,33.79025107744582
34218,11.74083699931328
34226,20.563102701624356
34244,20.260569190268097
34248,10.157353461561183
34249,13.84860382029602
34251,14.292186340676604
34268,4.661135571322397
34272,23.171179583298734
34284,31.151870613608796
34290,33.50267281789911
34295,35.29197502928227
34300,15.808736060039227
34303,10.612042522669775
34304,17.878175396078436
34326,7.7632280494133035
34328,17.88102402824204
34330,38.53302146831035
34337,34.25392339400666
34339,34.253926346013046
34357,34.79697277353846
34363,31.855712144252113
34364,18.230260703180253
34368,9.210188948101454
34369,9.210190424104646
34382,11.223837675757522
34389,38.35988103181897
34391,30.490923669531856
34396,35.1638544036951
34397,13.530882105539611
34413,23.900428797203286
34421,24.70028551225288
34431,10.155131420458257
34432,35.32538061968805
34435,32.588763234590175
34443,19.284291601763304
34445,30.1812209614955
34446,9.864340171565008
34450,3.393655130963701
34458,13.977508407608898
34461,31.125874137156725
34465,18.41827434950235
34470,21.226555973808782
34482,21.024922991925923
34494,14.599167498119076
34495,14.599168974122268
34504,25.17410017078159
34506,22.617239053849016
34507,11.52801746488435
34508,14.167402935701023
34514,19.108043507580195
34515,37.14383398774805
34518,27.870341559449475
34521,17.59240519310065
34524,35.52703880723318
34530,17.99045231268588
34535,19.858718627207683
34539,10.566484200408919
34542,9.525965707874718
34545,18.0211527917852
34551,7.377245204017612
34552,17.687609491592685
34559,26.11263343797655
34568,21.01797393164843
34570,11.956302849999396
34573,32.054347654738976
34575,29.524493333331623
34580,19.511426814611216
34595,8.533874603946877
34596,9.012969105374403
34597,9.012970581377594
34599,20.75148302934485
34608,8.363480721573758
34614,6.226814306066199
34618,30.915366209476627
34619,23.113551642458003
34623,28.138152064687024
34632,25.332584776527344
34633,22.400785885199173
34635,6.061106529146876
34640,19.669889460037513
34641,19.669890936040705
34644,19.351792513358614
34648,15.01821179802553
34655,5.644566350427489
34657,3.484453533226649
34658,32.74461721472919
34669,29.53442630026237
34693,9.945396765615868
34694,9.94539824161906
34698,24.53412140146884
34699,18.254005475333155
34703,23.397666060066594
34712,13.975002074449709
34724,30.21258056973942
34733,25.837875049637905
34741,35.777905332522835
34748,24.5400671361971
34757,28.598900889908453
34759,20.376528789466153
34775,29.015771448529907
34779,11.360205297720931
34781,32.20907779455794
34798,30.301647354180464
34804,23.213483053887348
34805,23.442699979169436
34808,28.675297724348884
34813,15.382572588193188
34816,21.963448570152583
34818,19.199917874116498
34825,4.412510086476772
34826,26.229796359651065
34828,9.072011348916973
34829,40.94942152696389
34832,9.220728543683585
34837,25.545825074200653
34839,25.84878701316568
34845,14.658097104289642
34847,24.57211368645537
34860,14.785757419193832
34861,11.375013481893372
34872,25.337287682157065
34873,22.65580957221327
34874,13.39606628369544
34880,21.615014396914138
34881,23.391513342849994
34882,9.822559106507054
34886,17.165317692987035
34892,14.108966052244408
34900,39.16691003996152
34903,6.7734567985455385
34904,28.213662231090968
34906,4.502833753195027
34916,19.08789972070449
34919,29.157676869830592
34925,9.79924370899695
34931,7.4355837666091915
34936,24.738780808637646
34937,16.44666191774461
34942,32.62139077928032
34963,10.261768235413026
34964,14.336801231646195
34965,25.84774313358533
34969,37.976865008628636
34970,47.87080488047158
34976,14.749561145989606
34979,6.295126726942151
34998,28.636147105352872
34999,33.05112086019838
35006,37.330509046812935
35007,17.14972071088798
35012,16.79490756837472
35025,10.058856957046547
35028,10.43964912205498
35029,18.08610663487627
35030,17.269337409269088
35034,11.018516120433226
35040,14.467376237279044
35043,27.578000810408295
35050,19.475125995174967
35051,14.595795852903937
35065,10.716315626330399
35086,19.432135450186973
35088,17.682849297496492
35095,44.427548743585135
35100,14.077615363041328
35104,21.918210903368394
35106,8.467671562928722
35108,15.242440510441188
35125,40.48763039795469
35130,40.67505596501762
35133,19.02482389931261
35136,27.351763071667303
35141,24.366126988606585
35146,25.152305450394355
35151,20.418979180661363
35155,7.745026963486474
35160,12.694116226736504
35162,26.92363450265592
35165,29.104291728221614
35169,12.573777622334376
35176,23.535600585439372
35179,15.268774943000285
35187,26.8894886842392
35200,18.8092625419193
35201,4.172972717300688
35211,12.841540082752768
35215,15.589710276757874
35220,23.36083814421153
35222,28.229016711637488
35226,15.500636758710304
35239,22.704490710285658
35242,20.35493560276561
35247,43.67943835404232
35250,35.94761445868387
35260,40.01716590896956
35266,22.00562649750923
35277,-0.16359556540750475
35278,22.3588104303218
35282,20.67035426152692
35283,14.032051976112687
35284,16.53411916618133
35294,28.375116582800995
35296,22.805650941104044
35297,36.09999087293262
35303,30.246711947445906
35306,24.644660245764673
35323,42.556395205488926
35327,28.121375963202414
35333,18.08940334213337
35341,9.6095156170297
35345,9.701808676579557
35354,23.074063954182012
35357,36.82664697204271
35361,12.094405155426863
35363,10.252230620120649
35369,23.752390733880386
35375,18.4970033896785
35378,23.798177104827932
35380,17.3754406511439
35381,21.390088343080468
35384,10.034409519912806
35390,20.313635148585657
35391,4.244812519259455
35392,4.244813995262646
35397,27.24193065938592
35399,20.95303098744711
35401,5.994378744619688
35407,13.645158640972173
35420,22.915736749310216
35424,18.499389033167812
35430,9.764151744082103
35432,15.708239639875746
35435,19.982301848616718
35438,25.194289125015
35439,14.866718282572453
35440,31.989888574647612
35441,22.09036832621553
35445,38.3791016731614
35462,8.400281709770162
35464,7.7384820586448875
35474,22.958629356399488
35477,24.176276856827112
35485,26.60310808124014
35488,27.754239113232334
35490,3.0157457857548096
35495,13.247747445598613
35502,33.176117704215955
35506,19.181727319836032
35515,17.974220194739235
35517,14.357368727416858
35522,12.099078575828187
35530,19.348600021655972
35546,16.907605030695567
35548,15.508865548537134
35562,10.910997774477472
35563,16.162089947341162
35565,22.65702967332665
35567,15.707859619690655
35569,25.307340521056975
35576,17.701906866102878
35583,15.534878082300526
35584,15.534879558303718
35599,40.20854598999209
35603,8.223303989422334
35609,6.703673045852504
35614,41.97096878964679
35615,31.59004300662421
35618,10.34202784441517
35621,9.623798764898517
35625,16.358774551393356
35629,39.48378603175395
35635,31.59508339468734
35655,27.747872299380493
35660,17.87177459066547
35680,39.09755059798651
35697,15.692202869156024
35699,18.312138125942727
35708,17.42969857124913
35712,45.836764850011434
35718,46.91064344673735
35721,33.19910833650776
35729,26.5367209219062
35734,13.297824084789191
35736,23.009511444227723
35739,19.541422386214034
35742,17.783895809788074
35745,15.532062906961574
35753,18.30659331552454
35765,6.337774489226902
35771,12.385647121622153
35774,12.870221764493536
35782,19.290113786046764
35786,1.7774225648931363
35796,18.830724802926813
35797,23.521248941036678
35804,33.833304551855946
35813,25.35978660067548
35815,36.375161926191865
35817,18.923816061020563
35819,19.3134034982363
35825,27.338856199505503
35832,24.71820071745019
35834,24.718203669456575
35836,22.217768813461806
35847,11.205080441867178
35852,6.476179806377903
35853,11.932195899112138
35854,9.688237566373683
35855,4.5977861078072095
35856,12.225806469381663
35858,8.787642749176708
35868,17.50626598188312
35870,18.689801201543492
35872,38.05023802905151
35877,23.668652816747088
35879,18.640218575351557
35884,25.874727573029656
35892,25.471408012874893
35904,15.69675574685633
35908,20.02753558628211
35909,12.64272033630511
35913,17.42352327282369
35925,20.082132086425265
35928,32.835730731737385
35935,21.62097357757941
35952,19.61618297947187
35954,21.491219223496405
35958,6.459710013807943
35966,16.83784522691443
35967,11.934176620503365
35968,21.95847107934644
35969,31.298561836075297
35971,19.147098303340574
35973,20.317318177458123
35978,27.230596686855154
35979,25.215301288770757
35987,16.40049087311387
35990,14.260502143514532
35991,20.815082227369164
35992,29.824383827606265
36000,4.541196707359383
36001,6.330521430589478
36004,11.497272131991984
36006,23.751393047511723
36007,23.37256093040983
36014,20.089526149922936
36016,19.03962609348574
36018,14.024483489294315
36024,5.932511031776045
36026,28.495728496391795
36030,19.887013880928425
36033,23.08011220732835
36039,26.48917667852763
36040,33.76526090671774
36050,27.23733802916581
36059,9.467859846286466
36065,24.739336476520936
36089,19.855912064739105
36091,27.893672123613253
36095,20.467101429186105
36102,27.21305926507218
36106,15.318653043213533
36111,22.55963734570179
36119,23.439049702389628
36122,36.13112596734405
36125,24.12123160462973
36130,13.360396139058672
36131,18.352986141530824
36133,11.45166928721537
36136,16.18312832878758
36137,18.551032655956124
36145,33.929754862773706
36148,27.208054784260003
36160,20.554283936847302
36161,18.065284210947507
36162,22.241865049329338
36166,19.558451915480138
36172,25.865577547297054
36178,30.366587383142946
36184,11.165023297084069
36186,4.802100611481443
36187,29.593542667726215
36189,28.88416689328307
36194,31.380956855216727
36197,17.810214865106655
36203,19.359402393139295
36205,18.902580340211802
36213,9.583812898263286
36215,14.983349415706588
36216,10.785682873610671
36220,31.182809413048656
36221,17.72389812337298
36225,16.321999170769164
36227,14.839799384622982
36230,21.482474404039028
36231,23.521354594515092
36242,30.20340635478033
36250,41.4077605491882
36251,3.7151445883332954
36253,18.39514781795602
36254,25.366834150431625
36255,14.32047438943275
36263,12.008905263081822
36271,17.40853120288013
36274,32.09085906642474
36275,16.503904748466393
36279,19.212884041780587
36289,12.372853346654999
36291,41.34106780924532
36295,9.243573677732137
36301,13.047459641605919
36304,27.115770072181473
36313,12.459870689213147
36320,8.565358246149419
36321,27.460866783699327
36323,31.66930372458324
36324,23.84360040481626
36327,17.72461924424883
36329,30.353121888246395
36333,20.356545922246898
36365,18.25421470217434
36372,31.562852975560464
36373,17.014109390723764
36375,18.66914664299404
36382,8.401639632705802
36392,35.236369010427325
36405,21.644489293394034
36409,30.504630095554962
36417,21.29661744634019
36420,20.072969738978916
36424,29.0847666851185
36427,9.5776096459688
36430,13.60147565478821
36433,28.30130006484337
36444,30.563499530834886
36469,23.718255148833766
36472,16.561951033955072
36478,15.015503494775022
36480,16.339469933547367
36492,24.43808710745684
36499,15.605855713654638
36500,15.60585718965783
36509,10.162761683038077
36514,22.83977388432557
36516,15.803296060719294
36520,36.24071590391041
36522,15.750732234746469
36528,18.253949780901596
36546,14.432702645565033
36555,24.701378992662715
36556,33.67017367597876
36567,17.56269077513112
36568,18.046208026848323
36573,16.05700203201783
36579,31.065652780378944
36582,49.225689757178415
36584,24.356031596915006
36586,12.171135192831212
36588,12.388311835596763
36594,21.595888895657144
36598,19.57151249967328
36600,8.05451226448142
36609,10.460420514612942
36616,37.43976027522534
36617,33.490209297885286
36621,5.618225531559595
36632,28.088783529214357
36636,31.92388495845405
36638,11.306678243038938
36640,19.85476393345127
36641,17.767374417550055
36651,8.595740126192236
36653,7.095295834689502
36667,13.495628914499207
36668,17.75000882630272
36673,29.63400904409688
36697,16.01328869382402
36716,13.965197956959134
36717,21.615546313267846
36729,6.577504922161047
36730,30.952481529441766
36734,18.604075354759832
36738,30.112277174324046
36739,28.40889045245078
36741,17.758238962328253
36747,20.22052501186221
36749,11.702393850763752
36753,23.816800766624677
36764,33.496398727264236
36768,50.7985853487439
36770,32.42361417908715
36771,27.180110245271525
36777,11.507966753794726
36787,5.254057089512877
36795,30.372599336456876
36813,23.86443631974473
36826,25.43208654997458
36834,11.967684592015296
36836,22.627920562002277
36838,21.297238843683562
36840,16.055097367584803
36842,17.38752503181711
36848,33.27621895960428
36850,25.289898175115983
36851,13.27632827677801
36862,44.67283131462098
36870,28.190268443170293
36871,30.50961155302223
36879,17.140680019273535
36884,26.09819254885058
36885,15.628577559332566
36890,35.14108126119959
36900,18.434739268893313
36901,20.636824325784726
36903,12.563110448911083
36904,31.95918578162939
36911,28.446115984610596
36919,7.807930726091122
36926,36.45695001454811
36931,34.20726122223023
36934,19.67133724232127
36941,31.707759340962557
36951,18.878932427384182
36965,16.068381339887015
36971,29.874131785707956
36974,17.72893703923989
36975,18.996837177532154
36979,10.545561366583652
36981,21.170564885640385
36986,9.11127721874875
36992,24.83722998944157
36998,9.376453770981215
37017,12.190385829463686
37028,19.998411138548295
37032,24.37533888336826
37037,3.220540348804896
37039,3.9380769396909656
37040,38.52419141550783
37041,19.612264034617954
37043,18.224872258109297
37052,20.71253887891523
37054,20.712541830921612
37056,14.58578923592923
37058,15.87989828002176
37060,40.06670102749975
37064,14.995509541464447
37065,28.984788644140846
37082,24.290180503169783
37098,18.133218723022356
37099,10.7253631084333
37102,16.93922641723309
37103,16.939227893236275
37106,36.56839299511108
37108,20.112765128101916
37110,23.098984733874975
37113,10.161744846470718
37116,17.610387694319474
37122,17.137942086054135
37126,23.087124077667863
37128,23.23634017330163
37129,23.236341649304823
37135,35.2135894184717
37143,19.311465955033785
37145,16.058237717382934
37147,27.828393461431478
37148,3.3808337855546142
37162,14.397570584530659
37166,15.712634937223672
37168,15.100427781520938
37174,17.861460198831598
37178,46.73073194084105
37182,15.544040792377235
37202,22.906296346524048
37205,14.506552627166645
37210,29.651796968509192
37211,29.229137573014437
37213,12.176856442426647
37223,31.08362835665667
37225,50.719132886525884
37227,8.78065176404565
37229,10.114263756135138
37233,18.472499255347746
37234,4.041576689903337
37238,25.212186355585548
37240,17.246503875132188
37242,8.452303695049743
37248,24.837695264637777
37251,14.16811864945743
37253,30.781960088800115
37254,16.38262480866361
37255,16.07295165589328
37261,35.43968184820531
37272,19.825635888146383
37273,26.632926480250088
37276,6.536842081368114
37281,19.67378758446471
37285,29.849298009251424
37286,18.69189122206183
37288,9.971397572415448
37294,13.596967139634614
37310,14.217181136065864
37323,19.62170974898694
37325,19.621712700993324
37341,31.440251776180116
37344,8.727723318791728
37347,4.498968685352757
37348,20.489388211626537
37352,19.31826333062266
37353,2.2041601420556916
37354,15.450707148314859
37362,9.817402802841293
37364,25.999565534859887
37366,21.963165623268882
37370,23.786056175626545
37373,19.915174547863746
37375,22.45167109255078
37387,25.024774022298903
37394,7.347225051697592
37397,21.247561744128877
37406,24.802437512388014
37412,4.247880146984379
37413,27.18534993327344
37416,35.32198934850693
37421,38.239923688116576
37423,21.050801261576627
37425,18.859573875854256
37452,14.289278717051257
37453,17.75542182052305
37455,17.12659580053126
37458,38.381267628404274
37459,41.354349170938676
37462,14.9168994505597
37468,33.540028239608276
37470,31.99646275351164
37471,21.076744646398698
37472,21.405719921765414
37473,20.612006339738645
37476,12.552276171914908
37489,12.299250168826852
37490,19.111246709898833
37492,24.729266152478292
37511,30.17887646098598
37512,23.235312542623472
37533,15.475906429396847
37545,13.876308624858503
37548,26.614476563766264
37564,22.175319617379554
37566,5.558562545042825
37569,26.756164143374452
37570,22.981041675692897
37574,3.6375112137417105
37576,9.25688110210514
37580,23.95063366420757
37581,16.067993315836222
37588,23.98762454635504
37593,12.120341042974808
37594,9.01760410350122
37601,10.919164029942173
37603,10.48186844473953
37605,21.22358740552261
37609,8.594092649773753
37612,11.814978017686009
37623,25.3103722316111
37625,9.53135560498739
37632,12.964063963728286
37635,17.68618881973565
37647,11.519064839155426
37655,11.006954529844542
37660,11.026748121630096
37661,30.90097945996811
37664,9.02862745558442
37672,14.403113464361429
37676,13.991273625509908
37679,21.30957773164042
37680,35.299564360854546
37682,1.8019877616878688
37690,25.68516469268511
37691,42.00826827917747
37693,13.786653588169393
37694,11.546125692715329
37697,18.167198273834305
37699,50.188413051479316
37710,8.870617257378157
37723,37.48333450282799
37725,10.468397022708228
37729,15.492639161439985
37734,27.02550376013227
37735,30.60209259198186
37739,8.294560506983537
37741,22.257169644153965
37745,27.78161624242765
37747,19.185035042986858
37762,12.894936920311935
37766,23.46197162947504
37768,21.38310510952226
37775,24.72365656986766
37793,27.98067780985038
37794,29.864938089578292
37795,14.467655232888493
37802,22.117769958956128
37809,19.53678855464292
37812,8.286621867229037
37834,24.920133518351665
37837,14.557963022541262
37841,29.50471403148423
37842,14.661536611447449
37850,19.70123147568214
37855,33.83007898107459
37858,1.1338949552608284
37866,17.625129758789516
37867,31.50454466902146
37870,14.203695733109011
37879,9.199123646351644
37892,12.914500462252072
37900,2.707421843289012
37906,37.16404436121799
37908,40.655226981483395
37924,14.255200687499428
37925,36.240395447555045
37929,10.680732517938502
37931,24.515921822070457
37932,25.09287895946831
37942,8.738602992916334
37947,24.782135369607754
37962,19.304895361768455
37963,12.91052038461157
37967,24.63019173589444
37969,24.630194687900815
37975,16.27112664345621
37985,14.281883177628263
37993,18.598426059252265
38008,29.33237184572194
38009,9.522866297584041
38029,21.513890460046557
38035,22.608310749979214
38036,22.608312225982406
38037,14.602170116490246
38039,20.04135123922673
38040,6.611652921699999
38046,40.57434462343754
38047,8.923511503317094
38048,25.14344461689679
38058,11.90156787336253
38061,34.150845819251174
38067,14.620848156554775
38082,13.287674371730056
38084,10.796426996134848
38086,17.29811583180889
38089,29.081719987659913
38091,21.58909024037462
38097,17.40158901759015
38106,11.822231183378825
38114,17.7480975536286
38119,12.650663022803528
38129,33.32109135324637
38132,12.719350929340962
38137,24.94644690504067
38145,23.078323168701626
38146,19.632441709910427
38147,10.332141970447278
38155,14.363535461806368
38159,19.159376279812324
38160,19.159377755815516
38176,5.828109945020664
38178,35.2407660523358
38188,17.259116162519884
38190,17.84796631418725
38193,13.138009006685813
38200,30.740233554583877
38204,16.426481329921632
38206,45.73804027549234
38210,12.261061695993583
38216,20.18303052905212
38218,40.28274949543099
38224,22.28305983680008
38226,30.452080797649888
38228,15.052826559753829
38233,43.04921156600926
38247,10.815083728630817
38248,33.235301926823
38251,23.727370474329167
38255,16.658603006401737
38256,16.234991604173036
38258,14.284733764622704
38259,10.174208625727957
38261,40.30865514591849
38262,24.5937057550132
38267,9.290465041783499
38270,18.92480590116337
38271,18.924807377166562
38273,14.82257848200199
38281,15.391035414142028
38284,27.62070104139706
38288,12.674779025267181
38289,10.131304008406122
38293,16.138046055881365
38298,10.38928959281045
38300,10.313585471224307
38306,27.00050278339481
38308,12.612337266035048
38312,7.5043634204805265
38322,6.533170295092766
38326,13.18833667437196
38329,29.393315563968397
38330,29.39331703997159
38331,21.529861600524473
38332,13.606431331076912
38333,12.393791487550818
38336,21.453437651660014
38337,22.40433965711959
38341,20.786505290711563
38345,24.676038728319416
38356,4.509252299681769
38366,36.66256416421312
38373,21.795532026932253
38381,25.709954906683524
38387,12.580922724740297
38397,3.3093488512120857
38399,12.913426169214041
38403,17.52032906250027
38404,16.73171951174989
38406,28.411222221466
38419,9.046878026132681
38420,9.046879502135873
38426,21.0231113376603
38427,20.359636672928662
38428,18.244004029031426
38445,25.381173317476655
38447,25.51700029106352
38454,15.380106983023534
38463,18.572663544955372
38468,13.723842648512594
38470,24.839498940537073
38474,19.57428148165943
38475,26.38403153708776
38484,13.599716142815701
38485,14.257902260078655
38487,9.739557886977984
38489,22.106540639730415
38493,11.75246744778704
38494,5.0607983505787715
38498,32.41864011172407
38504,26.620528231726386
38507,26.02129622782869
38513,14.657401223586039
38520,17.462946751594334
38527,15.443258121011443
38530,13.918471356492404
38534,20.55778796842252
38535,13.642800407241324
38542,6.920399049520988
38545,7.175394513385726
38548,8.010387632464749
38562,20.754845629806635
38574,32.87727200204475
38585,38.57410604529355
38598,19.01654915118191
38602,7.434813777493993
38603,19.771793445642604
38614,37.506363455325015
38618,35.123488435466655
38628,29.255794934231876
38631,22.80643792603073
38633,16.065547974509517
38634,15.788311027117334
38647,28.690082471867623
38651,38.5229937821254
38653,29.158986488636177
38660,21.210311418346027
38662,33.95607408308349
38667,11.105872152315136
38680,35.00742773988149
38681,35.007429215884684
38688,33.3455205238604
38692,18.821549327831523
38695,13.932268765892225
38701,13.472225288258016
38707,23.27485870906217
38708,12.727213612271559
38712,12.384956756087938
38715,19.11324974461058
38725,16.49980080890712
38732,18.194293819964475
38735,17.284206708985582
38740,13.702772256465732
38743,13.7780584661766
38747,29.242642955831055
38751,12.801561388491969
38752,15.52805861342934
38754,24.88999093179024
38755,10.152430363454805
38764,12.84678432209007
38767,29.661571789326675
38769,20.80983378159461
38781,19.877297211874666
38786,8.739848739609464
38787,22.20630142990871
38798,26.788686898583638
38800,25.90193889202705
38803,4.418381627170213
38807,16.28525192469201
38815,19.738427091907536
38817,13.364362159632648
38822,35.16575745714927
38835,14.908807811037295
38853,19.482230833809485
38864,27.804531609300486
38865,11.209535019497341
38866,23.59569189158439
38868,6.128282529597826
38869,10.782542084347362
38870,31.251729974583828
38876,12.175910284996661
38879,16.653216723222048
38881,23.4191901755401
38886,15.307270967990352
38887,14.47459051961928
38903,17.878981476950738
38930,21.505910205021234
38931,19.357781050669335
38934,18.465924733483295
38943,28.789447031069553
38944,28.696772608273182
38951,25.39165988321403
38952,13.684913662614004
38954,50.710679707284356
38957,9.640089614021178
38959,28.33251910950153
38965,21.79441863492612
38969,16.12149389015558
38972,27.353772893700484
38973,24.242649977587664
38978,20.273802308578087
38979,14.022541425089788
38981,19.03904416422984
38985,27.723284167591242
38988,5.447412900720927
38994,27.858702678846146
38996,26.24398652074409
38999,9.316186005049865
39002,35.080313205276795
39007,23.641980216689486
39008,11.98945288275955
39017,13.906160493656131
39021,23.9255504102097
39022,10.19268762486529
39023,11.614694331957828
39028,5.709089024468263
39033,33.19554307664258
39041,11.215878538263265
39044,10.324313928767062
39049,9.505103887494279
39055,21.094086905613015
39056,27.83684744416973
39065,24.017917865630583
39067,11.324126994533223
39079,30.910248262231978
39084,21.615477467636584
39089,12.08400625753876
39090,20.921202272185514
39092,10.645526171931373
39096,10.45801634634099
39101,16.91924841206161
39109,12.456409723006892
39131,13.806997012593236
39145,18.26270148470969
39149,21.72005154456723
39158,31.053806554964968
39162,6.724190059691033
39168,14.114771392384728
39172,20.190265135367422
39173,4.250479388603566
39179,36.81208798863787
39182,8.567389356862272
39187,15.533442593585423
39188,19.635226310084054
39190,7.201567119341682
39199,12.334477600346514
39200,27.338200803776363
39201,36.79470218690368
39209,30.932705074812088
39260,26.48196894417691
39261,3.379439819957774
39262,21.37000736643336
39264,48.83670226589557
39273,12.710512266974526
39278,13.336751223614499
39279,4.280565005477705
39282,13.900148593909432
39283,24.33734415582754
39288,9.18345671598663
39298,26.070726347138642
39305,9.241221012775494
39313,24.983970265828166
39324,6.280425472031883
39325,11.82147775191742
39328,28.98616852295653
39329,24.334137811471802
39334,9.930665427286037
39345,26.761232872465865
39349,0.8859349396458924
39350,0.8859364156490841
39353,25.276126782776142
39361,14.376250598028111
39366,11.001076056853389
39368,21.869198657414277
39369,26.467922265903038
39370,17.79344937939472
39381,3.299248204032949
39383,21.55657879210091
39384,27.863564058060643
39393,31.511366669600637
39403,20.47119926519117
39411,19.792785962338787
39422,34.997778056719966
39436,24.098016845483603
39445,19.351994677498627
39446,36.56915074526154
39451,20.021474989819904
39459,4.295515578058733
39465,25.190736437576977
39467,6.660684304409749
39479,13.274562463771115
39485,13.465003632411264
39487,9.12879906486436
39490,15.863012856642076
39493,13.645039738225755
39499,28.977463139423275
39505,7.25594982526119
39517,28.322004389871385
39518,18.49090679290268
39519,39.183923560398156
39520,33.43027675543097
39522,21.417918301449813
39524,26.556181707542226
39526,19.483224183956967
39530,25.967100521754656
39532,35.07358408798106
39542,8.166199377997195
39546,26.338177035399067
39550,27.622628260437654
39554,30.40238707802902
39558,16.54681075422565
39565,15.739443003683352
39568,18.045107035717248
39572,17.0238128028704
39573,9.01700929552127
39577,15.302427060406618
39584,19.93780388124598
39585,15.5130564194499
39589,18.39225804898872
39590,22.97274795184512
39594,29.156050822125362
39596,12.668392037715869
39597,29.781430106419815
39599,17.82223343631691
39607,26.807208695757918
39608,8.985347580092117
39617,15.5941820655536
39623,35.41581503293747
39624,32.00144460249767
39626,27.502244550957617
39632,6.445378522206106
39650,19.902509991741372
39651,11.418052734275513
39660,23.660503438522756
39663,2.8745886157571974
39665,35.11204639044453
39667,28.912415973476858
39668,11.847962250615865
39670,31.850197798025835
39679,15.279958700843157
39683,15.279964604855923
39702,20.901839414825528
39704,24.862809033212773
39710,32.65321309177489
39713,38.00729048429744
39716,5.349114874981275
39725,6.398287613244726
39726,19.799636515623664
39731,33.63900506973667
39732,25.931227328773137
39739,25.09530253976804
39743,7.807525299705354
39746,16.668881520651592
39756,15.760899185948649
39764,3.2865989336488397
39766,24.155675785461543
39779,35.84659602299176
39798,21.00050320784546
39802,19.616748776772777
39810,0.9715613159098311
39811,16.50351943532488
39814,18.321230450644077
39815,22.41609780876126
39816,42.801629611910556
39820,6.835827302914872
39825,14.13583877891033
39828,5.794737815003796
39830,9.391051363393284
39836,25.386862416800515
39839,23.135048189179866
39845,33.88383392475535
39852,16.344447016307118
39855,21.37311110968479
39864,18.28001397092095
39866,39.405102010900066
39873,23.753342283818117
39875,5.460594211033978
39878,7.783216577425314
39879,12.479352035160105
39890,10.879827867828432
39899,28.896138646677063
39900,38.10388504140252
39916,37.39032049772341
39931,3.7649531113494774
39932,24.412713629111995
39934,1.1211921401640197
39939,31.768443947058902
39940,9.261884387880599
39942,25.00858054838311
39948,12.035746563078511
39956,28.759580533382444
39966,15.414929590195772
39970,17.518723256053992
39977,27.179304679655704
39978,12.418034544250183
39988,17.099540339283617
39989,9.015814147472287
39994,19.392344604434488
40010,36.28691916878728
40013,15.727979877871508
40019,20.67774441466916
40021,25.822067194159562
40028,32.215572238443386
40031,28.21811463175028
40036,30.899233763140256
40037,30.899235239143447
40045,44.86295703412418
40048,10.33837578825728
40052,29.72091883736417
40064,10.853000492443186
40065,15.604933886581424
40069,40.133487046665735
40070,17.170027511475535
40072,17.6038430314391
40073,0.0984229549986182
40074,21.592452327885074
40076,23.495777222605557
40077,13.72419828696503
40079,18.43120551004849
40084,27.783389214093777
40098,25.19839772354231
40108,10.520987478527339
40109,11.15688405367829
40116,29.30064621565271
40117,29.3006476916559
40119,17.51317662067007
40124,19.505147582333837
40128,46.02891712049647
40129,17.15365138022536
40132,21.649254742774236
40134,11.898767422972373
40135,12.36038465022978
40139,-0.15641923789329581
40141,11.652780443616216
40142,14.314043045913781
40146,19.91536902908221
40147,19.915370505085402
40148,8.554694289526832
40154,7.428020943143565
40156,21.09978159924363
40161,37.050431720911874
40164,19.97469131663127
40165,13.337131060883614
40171,5.687949157588534
40175,4.896467134847775
40185,37.36245769504157
40187,21.533655281435866
40189,10.983705781621431
40194,8.539705236780229
40202,6.540030620007961
40207,21.526171049100288
40208,18.008479872111824
40210,36.034405217141426
40212,16.566544917757266
40223,35.21849827911966
40233,13.466926856264244
40234,11.021702907293324
40237,4.931175024605537
40238,18.572077339805862
40239,23.959957910384478
40243,7.5679648983699295
40244,21.462818321636927
40248,4.420514451781081
40254,14.64379636348021
40262,17.87910897727159
40266,21.822414167025574
40267,21.373004939348835
40276,23.36682054619897
40278,25.814152613980074
40286,9.7184777795383
40289,25.02483022165546
40305,11.072790332457114
40308,20.129440441289344
40309,20.61559973048389
40311,21.331941848017397
40318,14.632822718575046
40322,11.814609492460693
40323,10.109719580384148
40325,56.81887068306479
40326,15.221767931636908
40327,7.796448787095493
40331,21.562122349334448
40332,21.258910067269685
40340,33.249996310270234
40342,35.189869321127105
40346,13.313671323324435
40356,21.164747486075246
40358,26.933013016036643
40363,10.524609335433219
40364,32.457449952459385
40380,31.473246695237425
40383,23.225572287383148
40385,25.11902088618437
40394,21.82411455583757
40395,30.97861032588761
40400,46.51460507804248
40402,21.89085674283014
40403,10.501935016798718
40407,30.46725854114715
40412,14.32918034939917
40413,20.57148894782789
40416,14.956227787093578
40438,9.672122993354527
40442,16.533111611811304
40443,19.05634737586661
40448,14.065731615377263
40451,19.429581321331764
40463,24.626183056934185
40464,4.272321413832891
40469,21.530041504530782
40470,13.9230560125486
40471,21.210738871796682
40472,21.210740347799874
40475,23.941546710367422
40476,12.24525874421878
40477,11.475519595711628
40483,20.362671335489186
40484,7.102244719034182
40491,32.89026337794131
40495,15.073119915709686
40496,25.500352788102344
40497,25.500354264105535
40500,13.76499119347465
40504,22.620180693670637
40505,12.602618250606959
40508,21.49379434953242
40516,9.2225428797145
40518,21.986296095739537
40525,21.25856436839597
40543,27.872741449265018
40547,36.50811430695103
40548,19.15781165108739
40558,7.730505929209379
40563,22.869660533159777
40577,26.310037248591644
40588,7.501374788385384
40594,20.153961023070483
40625,9.84683241672898
40627,10.015668066081552
40628,19.708577431552737
40629,13.332234748540632
40630,40.02335232851989
40636,19.78843403007227
40643,16.883598574282008
40647,12.228930621128661
40650,33.24933063107477
40655,22.778461657336397
40657,0.8952222417832516
40665,37.143090760675136
40672,19.787439505863535
40673,40.57822208382008
40675,22.50487464165887
40677,0.43691929627167525
40680,51.104528835175046
40687,23.77574500443679
40693,3.538091706529805
40697,13.995676688236703
40700,17.329236848163266
40702,17.252580594175132
40703,7.741528337652078
40707,23.929980289457117
40724,5.688765387353108
40726,14.155013902690943
40745,30.815024544223423
40746,30.815026020226615
40754,17.5398117223157
40755,18.20778046754798
40756,18.47395896046618
40758,22.25579458490922
40761,19.356365932701483
40762,19.356367408704674
40767,33.05713635729336
40772,12.874960575556223
40775,40.053490623584025
40777,23.63695454829376
40778,16.35693625680138
40794,13.987436144746813
40805,17.977046163104877
40808,22.44066235095207
40821,24.040918424392924
40832,23.86328974559981
40835,23.331928262932284
40842,42.14032655565208
40855,16.294745872886796
40865,10.480182154940344
40867,19.167594399659105
40870,11.750448346987689
40872,16.974057028556548
40874,11.195775859201028
40880,35.84186294906472
40891,40.20601274740349
40896,4.706108382707605
40897,19.842781049552396
40898,19.617089046120018
40909,37.11477319396003
40911,32.28370077048896
40916,16.804970811332222
40918,9.430500614853571
40928,38.40988536594108
40932,13.221635980781038
40935,36.50385831552262
40946,17.93945772217521
40951,24.15846640201185
40954,18.470849747453716
40962,27.733326577310233
40968,11.526111411602031
40973,16.82342555683937
40974,29.70397452056461
40976,33.46683790590559
40979,49.36874348933661
40985,7.26034592440687
40991,10.869341243780859
40992,26.154934498659433
40994,34.712033265422306
41000,21.823278596004588
41004,42.19530192661995
41005,25.856626440739465
41013,24.47680757230825
41021,11.84750378095297
41024,20.334795845765957
41028,21.064906013222203
41033,49.57781031916008
41038,10.153984804645525
41041,21.040787709699377
41042,9.272656923971944
41048,26.845296645871816
41049,23.34159531913652
41050,29.34718832247442
41052,11.822881615377291
41056,21.51989053574434
41058,21.519893487750725
41059,40.76549870972724
41061,23.971188706357122
41062,22.489898258004576
41069,17.67648841734191
41070,13.605231484895533
41079,16.95702636130928
41095,30.320779845661693
41096,28.72214365702118
41100,14.400297487481271
41101,14.400298963484463
41106,19.365912812848773
41109,4.4272367535951815
41119,40.86101996156053
41129,18.156780411176616
41130,25.234140064733534
41134,24.238215799260825
41141,21.50305913302508
41147,3.0769148514358378
41153,11.266425833838625
41163,4.807960388476985
41175,12.204750039871811
41177,22.67797106412633
41183,28.59858235503444
41193,26.287937634438624
41204,19.821381911293205
41210,5.570949819382399
41212,19.352065974604745
41219,10.633421406405894
41225,9.77508364464806
41240,23.146213691336595
41242,6.375614798700646
41243,31.996408958981068
41248,21.370495802177462
41251,8.321498480436738
41255,34.690742820983246
41256,21.202375925187216
41257,10.98078488328354
41261,14.513148334667346
41274,19.915553474986606
41275,25.835868151111246
41276,15.971827008404322
41278,26.822711657419372
41280,10.31623822079819
41284,21.175098429011417
41288,31.940617118020374
41289,11.300327681373446
41294,28.37621749478797
41302,20.790630464858015
41306,12.573548773188882
41316,27.39154836772816
41317,5.836092645147822
41322,22.986828408546597
41324,20.092481336063305
41325,24.880761145404254
41333,8.286470778152339
41334,31.740288462023276
41336,19.423880244860552
41338,37.070039033021445
41340,37.32471311974115
41346,38.03236404255506
41348,45.16144594558514
41350,18.668254713806466
41355,20.03349699424903
41361,12.082189060020355
41378,10.562755591039483
41385,15.017302732952647
41393,25.790586831379247
41400,21.74847715980918
41405,24.96347695068211
41407,16.412884041592466
41409,20.33536410699445
41412,15.232097357020155
41413,7.14289093291854
41423,26.484146295347546
41426,9.302119698307258
41433,22.645633817070152
41440,23.741269601823934
41447,47.00749912876101
41453,15.92722873888663
41454,18.140696313716067
41455,18.14069778971926
41458,18.14070221772882
41462,3.346909466677353
41465,40.72128034785473
41474,10.354800829085182
41476,33.745963938273775
41483,7.861706574269
41485,8.466063815496689
41494,37.07666848450964
41498,33.38168205683854
41520,9.93389197026137
41524,14.97561130762232
41525,31.618763774045487
41536,9.622850707339918
41539,11.714252886404715
41545,28.159648916751696
41548,1.769041751211759
41557,25.82940450401966
41561,26.69089749258845
41564,12.811171248100315
41565,12.173409524419462
41568,25.828198757865398
41569,26.996271377492608
41582,9.407779177687253
41594,10.140174868962216
41597,20.350118186746297
41600,16.93696761700355
41603,2.2529440813988906
41606,24.405866645289553
41617,18.119747440458458
41620,7.421440004969661
41633,18.538845482420978
41643,14.787824214210278
41656,23.838848084680063
41659,23.474950784826422
41667,22.856507063304203
41676,15.186761330563574
41677,15.186762806566758
41681,28.97708956841605
41686,53.73200763971769
41692,13.847470370864109
41693,35.083036897680614
41694,24.340902799520823
41701,4.054936860538355
41705,25.016525418352263
41706,20.73162899184145
41711,3.8571971758370793
41717,27.371237346715535
41721,33.78728489946603
41730,24.259996071496023
41739,25.633259555064686
41740,15.533762766420612
41742,6.227458953241062
41746,33.31275675534711
41762,21.805666567492143
41765,22.613816241881313
41768,20.790630942639158
41776,7.086999649662811
41778,28.53054681866185
41781,22.316833958658084
41788,19.520984146986354
41793,11.751432350539691
41794,9.154752833364093
41797,5.898532149322374
41801,15.6132198834073
41806,9.58284316213875
41815,20.888405338236662
41816,23.55118037059813
41823,17.962211793594715
41825,15.917362426357524
41830,9.741459075522734
41831,9.741460551525925
41832,15.192379203878769
41836,27.06647856570078
41840,5.291763129618509
41844,7.92234915745248
41848,-1.74881203451487
41849,36.47716978866549
41850,24.205698371673268
41853,13.714062519076961
41854,15.466428681851529
41862,27.27782586239837
41870,37.73852993957
41873,19.68850871037883
41875,24.499645913738707
41883,16.18417687434115
41884,17.53323994265317
41889,23.213806313924334
41894,28.034783930286554
41900,19.764599821156796
41905,18.38452133171867
41910,14.40859718591604
41916,21.102892828474733
41922,37.69697383863229
41925,14.074949151516254
41936,10.66420875140301
41943,23.39498894987489
41954,10.47931648476564
41955,15.458958254282681
41961,12.322269472763203
41964,26.98569446298229
41965,19.356640915407322
41973,36.65766370545134
41977,31.42403972552132
41981,19.595992252313767
41983,21.05247789926928
41989,11.598603617337414
41995,30.317137351258797
42000,16.600584452445748
42001,18.78243319720568
42004,29.0039261318211
42006,12.861848298650308
42011,18.28653318718867
42014,29.833272318821923
42030,13.886042673952005
42035,7.880055907599363
42041,7.769330601033133
42045,29.700200135581017
42047,31.523601523173003
42049,17.343060348509578
42050,17.34306182451277
42060,33.838887060956196
42066,33.99927417911785
42078,25.532014151604873
42082,23.250898194858774
42084,17.908514968527275
42086,21.59707440894967
42087,4.118676554006463
42089,19.29557712216101
42090,18.417719848875198
42091,27.305873332138678
42092,28.66767542525263
42094,15.93310915199579
42101,9.15577066118172
42118,7.713148670223937
42125,19.871341092621808
42131,7.6843504499400055
42138,16.267552104283023
42140,27.341039868424577
42143,27.594847847211202
42147,17.90860115564713
42153,31.936885656441635
42162,15.404988449557198
42165,24.238433317574877
42177,36.48620271408505
42181,28.597125515931882
42185,15.815220758416817
42190,10.787443890944381
42191,22.43298034261044
42193,11.034508935787084
42198,18.07680291215762
42199,20.835875144877246
42200,12.605581929862488
42213,10.413612908509307
42219,5.754250412747229
42228,11.90233041253419
42236,18.169752567770207
42238,5.684697163386403
42239,4.792055597608446
42242,13.623600016581157
42250,26.460078140307292
42257,21.217745388191293
42261,24.60003721058884
42263,19.770952316014178
42266,20.280403896434482
42270,10.296305667901088
42273,27.41175359585976
42278,11.825006366131017
42287,33.46780625527012
42309,17.33851867344214
42329,21.697426864799414
42336,15.659599996282399
42340,25.10980717775225
42341,13.511274157050188
42342,13.51127563305338
42347,25.870407579649086
42357,42.15395168308983
42362,6.682647089096143
42363,40.62195321256566
42368,13.060993832003728
42374,23.72837496219393
42376,29.134250406151114
42391,30.376453791678262
42392,14.680260565175292
42394,28.104494908326064
42395,17.84552724644365
42407,21.4792211342174
42411,25.48014319959263
42414,19.97583982896423
42420,14.275699905375813
42429,36.87232980126086
42430,25.54825746574406
42443,12.306562288634616
42445,17.071159301389375
42449,24.24544584430262
42451,24.733854254275553
42456,36.48037185831403
42466,6.449561515249151
42467,9.936096478655635
42468,23.75354151951807
42472,14.488400242579697
42480,19.519679636088643
42484,19.519685540101396
42485,15.64656729228837
42486,24.910630410719723
42488,23.805475901895466
42502,19.88993245214485
42503,9.283106763425074
42513,25.663330501051934
42514,21.250688601241965
42515,12.91683277878289
42516,12.900492895823216
42520,45.144488361068696
42521,15.608491663958791
42526,24.342130834175666
42527,4.670257008347143
42531,26.19696236731325
42532,47.26736627047636
42537,18.60881906599474
42544,22.867408993901027
42551,14.842823857385799
42552,21.26098508401707
42554,24.225745177430138
42556,22.852243065091404
42567,5.428043178795669
42569,17.835952443234373
42577,24.15310974719073
42578,10.988773747927937
42581,21.857840666807906
42582,15.49196042461546
42583,10.33808030376073
42586,17.0668214833638
42592,37.55136510830539
42596,17.205469596503992
42600,14.692703033963685
42602,19.415292274329918
42611,19.58606196123529
42612,14.11068436753617
42614,11.666225133215871
42620,15.337558363279175
42621,29.44158039984183
42625,15.863026286013973
42628,24.900804603115535
42629,31.009359218390845
42633,22.676579488885384
42635,25.475934816461947
42642,23.675826576747962
42647,19.28743561998832
42653,13.402612600280118
42661,4.6911360707809635
42662,6.137345866772819
42665,4.691141974793723
42667,5.466625494580661
42683,24.60023116512021
42701,20.58148019706775
42706,7.089314660968476
42707,7.089316136971668
42711,12.819241765424074
42712,30.238974739667885
42720,27.879207459702474
42721,11.493800427186951
42728,24.327923740063387
42750,6.289288932533331
42752,26.466129380050592
42755,3.6712866374198967
42756,13.315304850397016
42760,9.934519219970603
42769,10.24135693830032
42774,22.666763759876932
42780,12.215817965160976
42785,21.090432536657875
42789,44.116778341655134
42792,25.78489206899562
42795,6.7291517596471735
42796,17.808789658021123
42808,7.17829515661294
42816,12.538155441082075
42822,23.69885220265864
42841,9.979593818134568
42845,23.08486428146249
42866,7.243538650892031
42868,27.059406031678922
42873,28.34509651716473
42880,9.417773968115647
42885,31.109004568806984
42894,18.827751493239735
42909,7.604328419192299
42910,12.541303225948322
42912,31.833707655117085
42926,24.48757448567392
42942,13.450092162239127
42943,3.1180861407698117
42945,36.968383269917254
42952,16.230209410946618
42959,28.577988984313887
42960,18.12668911931822
42962,10.904165913430138
42986,15.89457508387908
42990,10.581840852643463
43003,23.794575221071863
43005,22.209128762155355
43015,36.88822475084949
43016,1.935971888213551
43028,22.258908573088174
43031,41.10092720541412
43033,15.44550885637192
43038,13.19053350771679
43044,33.09583995560092
43047,13.71756611907373
43057,20.767161886183633
43076,28.286987370663287
43084,31.337368427508377
43086,31.33737137951476
43087,36.79754211507539
43094,11.81778954706672
43098,27.8308795715151
43099,27.830881047518293
43103,24.343983292125156
43109,25.718878398150384
43110,29.24757864180147
43111,13.724099594027628
43114,28.893033470685555
43116,18.049999510265888
43118,7.719586319432736
43128,13.769951411820095
43130,29.579332531340167
43132,33.67500437015052
43136,42.910176598378655
43139,17.368741041246484
43150,15.586372397942714
43152,23.044038608288776
43153,23.044040084291968
43155,35.394423255976434
43157,0.15544045057129807
43170,6.811088428085576
43171,8.046621149799599
43173,17.42256299437877
43174,9.000445826979494
43181,4.599888872728172
43187,29.556326451991513
43188,14.923708471335669
43192,19.97636698102477
43198,36.9958819328713
43199,13.014947617440804
43200,39.604150002870796
43203,14.657032972624311
43209,29.251458025760176
43210,21.12919258644288
43215,29.4615275777188
43225,17.8051763528124
43230,11.967187995258406
43233,28.409768111462245
43236,17.430932793026205
43237,28.785427158948462
43242,15.066380681242624
43245,16.864664325345
43250,22.701011945708434
43251,24.607041817501045
43253,27.560327976948773
43255,43.75982119363552
43257,31.117197986690936
43260,17.504953746512104
43262,33.81855561695683
43265,34.76943882326984
43274,31.85481316821924
43281,13.501081316191566
43282,11.706586298657008
43287,16.705716697115665
43296,22.84331316856009
43302,12.62835962892737
43304,24.784614596958168
43315,29.416187527885167
43316,24.877550698820134
43318,22.45142560415184
43328,23.201948550956434
43330,10.366053638383779
43353,12.052534513057527
43354,21.310567194169824
43360,15.339067012735622
43366,25.039099680983757
43368,16.786587260032707
43390,10.921917881062967
43392,24.292035688646255
43402,20.7459558257686
43403,10.692490517506652
43411,15.434037140727572
43412,26.467639293419897
43417,15.96852191576902
43418,11.40227688334722
43426,26.776216259612138
43427,26.77621773561533
43431,16.80127981942343
43434,16.801284247433006
43435,16.801285723436198
43436,19.79563344528486
43437,9.314958135753535
43439,21.546755623538598
43445,14.7655369338157
43447,21.16930981193835
43453,7.145901979427997
43458,22.625837155721914
43462,15.483023074221439
43466,15.087785875577513
43476,8.995177037332716
43482,31.898590269602433
43484,27.532001552687465
43489,29.49490571887232
43492,20.606834851264697
43505,19.576634593884062
43508,22.646947028403904
43512,8.013751629323352
43513,21.921523931090913
43516,23.41907748435416
43528,16.16537187669962
43535,18.651403640401558
43539,25.998317090219896
43542,17.314110688344147
43555,19.19360766951967
43558,38.69136591665655
43563,29.80129472339559
43565,21.778265707382065
43568,7.044558146276522
43569,10.615141059451659
43570,4.13516892729519
43580,22.65611848297301
43591,9.235672652984213
43594,10.500516240929876
43597,22.614857125559514
43599,37.021981856461366
43600,18.729763166760026
43605,33.201074211515404
43626,16.17399096106948
43629,22.421727284931404
43631,21.842414885315176
43636,17.67541926628792
43651,20.790952526647477
43653,31.357921712106414
43663,34.04200750249467
43673,7.2722156478074815
43675,26.895076652334513
43676,11.341309607384883
43677,11.654777378101649
43681,47.66232206397949
43684,18.07409821155952
43685,11.624149026585549
43690,20.796063999171086
43691,13.321248009855836
43698,23.562143210958457
43699,23.56214468696165
43708,20.64572262458825
43709,23.863418427548783
43725,5.3831612869693615
43726,4.946370452581171
43731,28.78429533465925
43734,18.01117656031568
43744,23.957409393494675
43745,23.957410869497867
43748,39.98903493657197
43749,17.818474268306087
43750,12.416056772243877
43756,32.046865137434494
43758,32.04686808944086
43764,31.115643468977556
43765,31.115644944980748
43770,3.4933213235936975
43781,35.47860096875665
43785,48.36056778785715
43789,15.011101074809108
43791,17.20922050924405
43813,48.029516014189426
43815,27.05607938794579
43818,11.850469266797049
43825,20.33617537349799
43827,8.993663859630153
43836,5.108991198230584
43840,5.5885543739411965
43848,27.688087162463543
43855,33.86652040608567
43863,23.43445485331269
43872,34.26518862297236
43879,35.16373517913168
43885,7.988213266404657
43887,32.9103056760746
43893,9.026691507040297
43894,9.026692983043489
43898,20.913976127381613
43916,19.390087410527347
43919,24.35364066055445
43923,8.77746208370166
43943,14.679615851459278
43945,27.614363673247684
43948,19.397634855419614
43950,16.44064461472094
43955,36.22074099846017
43958,10.23866179388136
43959,26.457357153123002
43964,38.13732808551718
43965,9.572667622858532
43994,7.155157327262579
44001,27.860748066319676
44003,16.646470175227268
44021,25.89996960637826
44023,21.62724435602914
44025,21.137468555086503
44029,21.426165576299045
44030,21.426167052302237
44038,25.912117419169636
44045,16.176410011363675
44064,7.8982731625618
44068,15.044192828283837
44070,11.528545207650644
44074,9.411457377638996
44075,45.87264514335594
44080,31.40030863656826
44086,27.414113363353113
44087,18.921157812267612
44092,31.518302408594725
44095,52.615078246976196
44099,19.298543888574745
44101,28.204134562835268
44102,9.137454487048338
44106,14.628400306732505
44108,33.003316974745815
44110,29.267820700946732
44121,28.647979811086334
44124,29.17137059038608
44125,47.25885091490967
44126,4.802440165317186
44127,5.93217962331137
44138,6.654626802836717
44140,15.707427048673008
44146,13.34988065288524
44148,25.82417346099368
44155,25.68767482643405
44157,19.406210825557753
44168,15.610187707521295
44176,40.18120761964133
44182,7.917426452658411
44189,14.000287044687798
44193,37.16970139619194
44201,18.266055867198705
44209,30.41511577167365
44210,13.586484228702378
44222,21.660918099154582
44225,23.516451714463773
44227,16.420263190427338
44229,23.50355702428715
44232,27.549803443115966
44233,30.264623303776578
44236,49.49197381267557
44242,11.854713489211086
44244,14.063379983664692
44254,24.073958472809775
44256,24.073961424816158
44257,24.07396290081935
44262,8.012426473966919
44271,9.400280452496258
44272,9.40028192849945
44288,9.160539259948496
44292,31.248392271861352
44309,31.51557762239555
44319,30.08666883162226
44320,15.011551062319693
44325,5.553729320435025
44339,20.24487514170313
44342,12.853719402624371
44346,30.1639940359692
44352,40.041585638062514
44356,7.155691640417693
44359,18.26633801637175
44360,18.13162308901558
44364,18.798804788354413
44365,18.441187621228156
44396,13.032641769139314
44399,25.96342535332261
44409,41.63057591568021
44412,27.499555043470995
44413,3.1139296136568717
44416,7.5597856950428906
44419,20.00709596589785
44433,20.92573691992982
44439,11.557690467476085
44448,18.03823388413743
44454,12.634261564144946
44455,20.144738046482356
44465,43.179555217078445
44466,15.247713250351996
44475,24.453271475828192
44481,28.114898017586004
44483,15.309461653732573
44486,19.299121559887237
44487,9.478702503190927
44488,1.0964916416004726
44495,28.768343760964658
44500,12.306247121713856
44502,19.996008598383536
44503,16.16434942728247
44504,28.89115540428242
44510,12.868023500198394
44523,15.74139359707905
44526,24.775245816433657
44545,10.174004580474417
44551,14.759972488568405
44553,18.940309133421227
44556,5.434408365284554
44560,4.975356197315399
44568,15.843032044623246
44570,23.806687123234955
44573,17.12234387066575
44578,16.788500326769086
44580,26.32941194908923
44581,24.33232793008771
44586,8.728704747668
44594,5.245867699997781
44600,19.76762872841022
44608,26.697249833011558
44616,16.760597136310725
44624,11.797465624712476
44630,19.319624547031072
44632,27.895990476317674
44636,18.666989974743846
44638,48.311096402157176
44639,20.58050065847927
44643,20.974285537070262
44650,27.98084009746591
44652,13.283587605835478
44655,36.02163305930556
44664,32.11331621954517
44668,24.77567121287891
44669,25.901851757698882
44673,15.650543775099994
44675,2.408792978082232
44679,23.23216811753697
44682,33.006960120346434
44692,21.000668336691266
44694,35.01675827246834
44695,40.335382983643896
44696,24.62762460368393
44697,24.627626079687108
44701,27.007915668207918
44705,18.623466906688012
44715,10.63749684361094
44718,11.824629639943382
44724,25.46216546599503
44739,36.38056293572306
44743,23.91644202134906
44757,9.701001424681294
44762,30.469993194033552
44767,12.701480993955439
44772,19.47519166578981
44780,45.65775842445436
44783,17.91625420081238
44785,20.24844137890587
44792,25.199635297442743
44800,44.74041500993978
44801,34.117941301771495
44802,14.854443417075498
44805,26.485240319377827
44808,11.745213487178034
44809,20.31382207297806
44825,41.2036898887813
44828,28.886025616390096
44845,29.727522880298498
44847,20.01037556492584
44848,9.589901835236041
44850,20.37428416406164
44852,12.578981486581736
44855,30.968187664646866
44857,15.727723637312938
44861,20.034057930519513
44865,8.414160567774289
44870,24.88121452174072
44876,34.40019040795205
44882,19.169299449264816
44887,23.78862992305343
44893,13.843544649655804
44897,12.22510372833467
44898,12.076277008747336
44899,17.974850848725918
44914,22.068813691731112
44918,19.629901023817492
44921,16.32935235092589
44924,27.926008489004094
44925,19.998686300534008
44927,6.881482189861593
44933,10.55281655935105
44940,33.89868465048775
44941,34.85898224458384
44950,6.0637159950841095
44958,20.340602442319
44959,19.299813251318927
44970,7.3186129720107935
44971,29.979618194690456
44986,18.675511242159804
44987,14.097011025092161
44991,20.011382313229515
44992,20.011383789232706
44994,20.01138674123909
44999,20.31181046356406
45001,11.993892892868157
45002,8.146288174606603
45003,5.676166144036962
45012,33.322263077708186
45019,15.889449302437992
45020,26.43876016583265
45029,21.733103583920457
45030,20.416867307124907
45031,42.054151436859215
45040,32.89451995547206
45044,18.740988834937045
45047,18.134635676965157
45049,33.128276098453185
45059,41.4193479307953
45064,39.86307534862365
45065,23.82277202010371
45066,29.719710365346135
45071,12.902768956991522
45072,11.323433641002566
45079,7.300744396940594
45087,21.492237482983104
45089,27.01205578981924
45093,12.566909146105697
45098,12.869010701336293
45099,7.3837984735621305
45101,7.383801425568514
45103,7.383804377574897
45113,19.896110667521516
45114,17.36720585399576
45115,17.36720732999895
45118,17.284227329459004
45123,18.435882385420303
45133,19.64275454420532
45134,3.03181607765206
45143,31.14190283024463
45149,6.941400874580616
45152,19.341427374839096
45161,18.1930629760725
45168,6.27885256129062
45171,10.152838067672022
45173,31.071216068386743
45175,24.04921739564563
45177,15.952081189787176
45181,12.731869705099804
45189,24.159430603706273
45194,13.78728337263859
45202,25.17415388823095
45205,3.4787896982613873
45206,52.561979562045096
45209,17.23012451893837
45215,14.020356742259022
45221,30.97491902462259
45230,17.437363389515742
45235,10.838793325736969
45239,18.902551114855857
45243,17.85279743876367
45251,41.66272238046258
45264,24.167045287830124
45265,15.974888693022198
45266,12.730236112728203
45267,19.46094464651785
45268,5.171232172567976
45270,35.18124913336247
45272,22.92764652079506
45275,15.259827557662799
45283,31.190271273200562
45286,25.645177793468935
45289,20.460379724281548
45290,27.063955031758542
45294,14.722797061549574
45295,20.369773862843847
45299,19.902645301922252
45307,18.72106759960106
45314,10.333377939214852
45315,9.974170077445333
45318,18.15263795898476
45324,3.942668343348309
45329,19.600933910996932
45333,22.624714520375097
45335,21.961287781063195
45346,22.50134402484802
45353,8.553225148052526
45354,23.685735742965438
45360,15.063094347556113
45364,23.40567279922637
45372,12.466020256674973
45386,24.554436598526774
45396,3.6495080664596102
45399,17.292871291765213
45405,26.97357840955546
45410,11.988883653879093
45412,11.988886605885476
45413,11.988888081888668
45414,11.98888955789186
45421,34.51412005550938
45437,11.697193258706164
45440,41.42479502016907
45443,21.181237126282415
45445,42.47136951926066
45453,9.435012044775242
45455,17.78311165155053
45468,25.520445072835354
45470,19.485578989983328
45471,15.657921555819104
45473,22.31850336131419
45475,13.980305376462102
45479,11.246406726967706
45490,22.426677322288906
45492,5.136320852869964
45493,12.418629445805628
45494,12.41863092180882
45495,10.87854452085714
45500,17.927225784947
45512,6.805227816104967
45516,42.40922371884689
45520,18.22082542357224
45531,15.427000450835013
45534,26.245601401819332
45540,20.12459614473465
45543,43.20245914639615
45547,9.682465831666136
45555,16.673312432088228
45556,7.735631179481615
45557,11.715394486869297
45568,13.457455817187231
45570,22.692315591962288
45571,31.130090048468208
45573,11.400906700007248
45576,17.99913912095639
45581,8.700210778783113
45584,16.452643677193667
45586,26.031575567440502
45587,19.804769195837682
45588,21.6652838529827
45612,18.706207725466943
45623,31.488260721657863
45636,17.27010943428579
45643,19.009749686631327
45651,22.604367893492427
45654,28.97612706067267
45661,24.96087422215621
45666,12.937150507011516
45667,24.84809343724532
45674,21.304269722855313
45677,17.19597472974083
45685,30.081344109595786
45693,31.64987132284902
45696,17.41242827126548
45699,17.106926035764534
45708,6.940834115898092
45711,21.81832199977359
45715,24.160206981384686
45717,38.293170995461594
45721,15.19502231159112
45734,20.37042182824465
45740,17.765990345422455
45743,7.215733682747249
45760,32.387845336140444
45761,32.387846812143636
45766,17.43247737106906
45775,43.944076454908
45791,9.748803691310947
45797,13.66140272075797
45798,4.572180338569034
45804,12.376397757620865
45813,16.239963087035964
45814,21.852326827743116
45815,21.852328303746308
45817,28.661643154150998
45818,28.856004779411254
45819,18.443333729867735
45820,4.816320426222667
45821,44.927043295140976
45833,19.206664786684247
45838,18.83449833494809
45841,34.66282398857507
45842,19.909023343766076
45847,52.80979185489571
45848,22.3607156787639
45854,18.49744249095674
45855,16.05481637779779
45865,22.752547614952004
45898,16.286114410046704
45905,7.599880570001723
45909,16.41166263845435
45912,26.60457706214098
45922,22.56324182060209
45936,14.814101417551118
45941,15.786003529519395
45942,24.6089338223774
45944,15.975890899188823
45950,22.802458968502012
45956,22.19087489674403
45962,27.266060941131403
45963,19.934953565342635
45970,11.674271507250602
45975,26.107424354220758
45984,13.743498136385476
45987,24.93825483147644
45988,26.66233226372758
45991,18.432254735760853
45998,11.88909749032782
46007,27.67679970954487
46010,11.74588589681536
46018,13.22238089014494
46031,13.956208142489768
46032,18.096665569391423
46033,29.2349143067506
46034,35.53209438630783
46044,12.981224375283055
46046,25.23850664538239
46051,24.326045994018006
46056,-1.665167497677679
46080,10.871905597823861
46081,20.370934001351902
46087,16.497023340409687
46093,9.854903202176878
46097,31.538598381035026
46102,14.012677899791615
46113,15.03110736580864
46117,38.7589050770855
46122,30.28914921727112
46123,31.950330927791274
46127,6.480559848815069
46132,21.89931424111406
46137,18.17154548124444
46143,24.290502441006286
46151,8.782680376648514
46152,9.809454388383323
46154,12.865591518359778
46159,16.954330080161345
46167,7.817386616202711
46169,24.068396651825683
46175,26.546914684463363
46179,24.229633694692087
46180,38.113571456475654
46185,13.275386763639727
46186,17.823258532851145
46196,11.341758480153935
46199,50.32657642172428
46202,28.025002262112725
46203,23.609104763386643
46206,26.232082214465766
46210,31.180695185340678
46218,24.588039358827178
46227,21.791923250645997
46230,18.963339810744433
46231,16.985464862233687
46232,16.98546633823688
46234,30.669336698563963
46235,6.41292597371098
46251,27.475522753762657
46253,6.745883817115676
46259,34.20477104219417
46270,23.791456789089157
46271,15.19659231107715
46278,16.38832221020108
46283,16.166964322484898
46286,23.18327417469826
46297,16.311334190903953
46298,26.146708226290993
46303,12.895774642719797
46310,12.29254034512956
46316,13.489140025406488
46323,27.748591615196087
46334,8.676496964588118
46336,26.71953339611021
46337,8.054731656312931
46348,7.374975411110906
46353,5.571532185081352
46354,7.655105792078821
46358,13.62545019628569
46359,16.300933625960216
46363,5.4638666892503736
46367,30.368760181128042
46375,18.566143976624662
46376,17.892329443765338
46378,24.8534607790225
46383,26.906732757665015
46384,18.34878219810135
46388,23.46477782521534
46392,20.934638690901256
46394,11.294751800415746
46414,43.5964968410797
46419,22.382396724036756
46423,40.29791988039716
46434,27.307657891707297
46437,15.094200647542596
46438,19.20485868043075
46441,26.057835211734957
46449,13.998406995757986
46453,8.186575050088557
46458,24.799680104837233
46463,25.312335911293292
46470,17.23504881814907
46473,8.199501703253617
46477,12.67741385646164
46478,8.348050484552566
46485,22.72361678450793
46495,24.935659459282423
46508,20.459442612708788
46516,34.25829184069988
46517,10.673322301262267
46523,22.519408258365193
46527,14.303021623235654
46535,13.212102685891928
46536,17.90677632505059
46543,37.0257008988043
46544,10.359321415900489
46545,10.35932289190368
46547,22.88315038344218
46551,9.60777450391074
46558,21.372637438506498
46559,9.187667749453269
46560,17.39023002557133
46564,13.917299889737933
46576,32.656825093918215
46582,27.271681625614644
46583,10.033556527295477
46586,16.652606938769804
46589,15.003899584585614
46600,25.417445888525894
46605,5.458655617026096
46621,11.633155800960292
46622,14.888138606815378
46623,10.81161014654024
46624,20.702694917987802
46627,22.57745174815764
46634,15.022223082492008
46638,32.18225656231354
46644,3.7102310883075305
46654,12.787673609490447
46659,10.433337971146255
46668,28.004310065134266
46669,17.825693515136646
46686,10.353808531007715
46689,17.956053559232277
46691,24.05119650622304
46696,38.61403307615613
46697,38.614034552159325
46706,29.4625323363279
46710,22.413831765904025
46712,43.21283303058571
46713,18.432944268915964
46714,5.745457244775245
46717,1.256330734357455
46722,27.161853295122935
46728,12.318506570142993
46729,12.037881699719119
46744,7.766956923684042
46746,27.992420262603222
46750,35.36393290764103
46753,18.884737618783543
46756,23.11726464813842
46760,16.02775479480618
46766,20.625130283087596
46767,38.02413687556981
46778,30.557422194471233
46781,17.994935851006804
46786,17.019290436203665
46794,19.91975720501036
46796,19.59462318254697
46802,17.814058131701696
46820,25.49257269343494
46827,27.329420861949107
46832,28.4227966102176
46843,8.088307458726856
46847,22.908133960431446
46859,14.123598747255674
46862,8.41710814614654
46864,8.417111098152922
46866,10.540506882594514
46867,10.540508358597705
46872,12.762732770285574
46875,6.76048638368723
46880,13.799130748359751
46886,12.914022025978909
46889,7.273277056445046
46896,7.8301556812463105
46898,16.55524319851688
46901,29.739230350710084
46902,10.866243469504063
46907,11.260723900597117
46914,20.706931593552003
46915,15.479281315880232
46921,13.177945031358966
46927,18.106516123128788
46959,8.582149754966373
46961,10.648075894420899
46964,23.476215446948128
46980,10.919288231021689
46983,28.955871468107585
46984,18.83378834629055
46992,36.484421196634315
46994,11.62152378121997
46995,16.03165761015909
47002,8.886875986433026
47005,19.07250585221171
47015,14.418074979947338
47019,12.852779292437639
47029,30.204589815327257
47044,35.79734585004064
47048,20.821803726799093
47053,12.305253227723433
47075,16.083806009616655
47077,23.609875687133172
47078,23.359024140494757
47080,14.944273431666478
47083,41.23198464894368
47090,8.81100169874913
47100,30.149353201811895
47103,9.591496697201151
47113,5.268172558467008
47114,5.268174034470199
47121,11.769251315953788
47127,18.30973079887308
47129,37.943431739910466
47132,21.24683087090384
47135,26.479513424217057
47150,44.93871106951799
47156,22.761050247174783
47160,13.014169546382096
47163,10.129900431474425
47167,7.039637599286756
47180,23.142176769725484
47187,9.683548644435202
47188,19.120391699123363
47195,20.449034214407252
47203,18.49385956154033
47209,16.983120796554093
47217,22.503918587018045
47228,27.25273107624915
47236,17.844081214220648
47239,21.5637056057159
47245,13.989079340203691
47246,9.465437259637891
47247,39.90693557032894
47249,17.068116197540395
47257,28.73251895742207
47260,19.069865911796217
47262,24.9432941637931
47273,28.556056922457305
47275,11.829240636519778
47279,8.1275458327817
47286,22.49998431509781
47289,41.721345602360046
47291,23.136257699434726
47295,20.233005226909217
47296,22.747348489263725
47297,27.028168339410914
47299,24.69521700001069
47300,15.724133372710885
47303,8.057909433650053
47306,25.49500870162313
47308,31.985333023885463
47317,43.047583878698504
47324,10.937508495688732
47326,9.76629990531941
47327,14.187503211129684
47330,15.711489182952622
47331,16.100392889763217
47336,33.24758340976197
47337,50.30029975195917
47340,13.438708462547158
47348,17.280871315298032
47349,15.725249889285966
47356,14.085465652590717
47357,2.2899005102042267
47358,23.35001129007677
47367,13.61627144847936
47379,14.010217276912886
47384,18.41571544286494
47386,17.189990970416748
47393,9.065706715819186
47399,17.08535542303625
47401,15.674482219088052
47402,20.496875806959256
47405,6.59326273222721
47408,10.47866206821616
47412,26.086586166127294
47416,16.001021841410978
47422,17.642498512830716
47424,27.866387098004875
47431,24.537142780426723
47433,19.22493068447238
47434,4.1910286643351
47436,19.06514233439781
47439,7.126256108106666
47447,16.655451083269146
47448,26.833412539664007
47452,11.032684967293925
47455,8.838375716408756
47459,25.61169928819638
47462,24.909161294581818
47463,26.66822676759106
47474,10.163073620843171
47494,19.027240551892806
47496,16.712206423720307
47497,33.268307822676064
47506,21.825384950176957
47508,20.8219831819334
47511,23.942289744022847
47515,28.71677685130594
47516,29.493551257936677
47520,19.387645606682444
47522,4.597938949633878
47524,16.681009265459313
47530,11.971295711189455
47531,16.48822569448979
47545,7.035559229316185
47547,9.765715352101239
47551,28.727732303410168
47552,24.976651721112535
47556,28.10617738356788
47558,17.22645167119367
47564,29.34647653221427
47565,10.48543198035673
47570,16.731253769100473
47583,23.276446523650204
47590,1.6541703756647124
47594,23.86247798869775
47596,26.011373898644887
47598,22.77134420342475
47601,28.10137959824566
47604,15.978341064485736
47611,23.055121771605176
47612,27.348525420462483
47616,20.37319966624995
47617,20.37320114225314
47619,29.661391385194452
47630,23.18385157502387
47631,23.18385305102706
47643,20.516887612731555
47651,33.52481629555726
47662,35.56092456730086
47672,18.615962631480034
47679,40.330684286647866
47681,42.38166112230586
47686,19.867845332357067
47690,6.516621754366852
47693,7.848584278162157
47698,33.100537258273775
47700,18.448521069597614
47701,23.951674333923624
47704,17.54411076536343
47706,9.875626644056148
47708,20.31415660840189
47709,32.085824659603006
47710,10.32281106121981
47716,18.07507872135916
47719,21.766629042785002
47721,35.46261760783041
47722,7.4541242928823195
47725,7.260365242706847
47728,19.132642967014338
47734,21.261241264375105
47736,23.305441099638156
47739,4.942248000543749
47748,6.359817619661634
47750,20.658116128068496
47752,11.922827932137317
47757,7.768452114916435
47760,25.761234247209675
47766,18.265029261416647
47769,31.318851407590007
47770,29.008182646597167
47774,15.765691319814511
47777,27.758808839749843
47779,19.470249655587654
47780,17.036236570878135
47781,7.670856052909279
47782,27.21981569388655
47786,17.619295716255888
47787,16.106610520458137
47797,15.574250427499276
47802,-0.4887451303484127
47813,12.923533123201302
47814,23.472064674081206
47819,36.579466333591384
47821,13.00577707636154
47822,25.1952709391869
47825,28.51249464856861
47830,29.372863834402064
47834,39.32927033754038
47835,14.529287302403265
47840,16.411575882221587
47841,19.304338683046925
47842,9.954410548386413
47844,5.263032825605162
47847,17.154086833687426
47863,3.2070180408170614
47865,21.344053899693638
47868,13.669977432436433
47883,32.59538323253109
47885,10.525935301813362
47887,15.370599723327718
47889,9.353124082381576
47897,20.588724551753725
47900,12.198236120920775
47917,17.346234409203166
47925,13.263506612705072
47926,12.337376644566923
47929,27.503521949401648
47937,28.918367718468776
47946,7.911106883544811
47949,32.607400969967884
47951,25.66153350433952
47952,22.124450801398492
47963,9.970320048454948
47964,33.88850834843559
47974,22.22350029323032
47977,23.09467413551386
47978,16.55683728196306
48008,30.560843410536396
48011,43.01763924383414
48021,36.05416359528746
48028,18.099611671760474
48033,10.746939338186415
48034,12.322744959642243
48035,21.0139180696063
48039,10.290479354200997
48042,32.65625341558503
48044,21.285302997157405
48046,29.89665961973697
48060,15.831912255984793
48066,34.90756843406878
48072,21.500669997097052
48076,13.5349154291875
48080,8.83602443268634
48088,18.55286457338517
48091,6.73736929218267
48095,6.070337003731538
48096,19.504679246779677
48099,17.2819736819302
48104,6.557466441183159
48105,5.5298872465806
48106,26.114756256658968
48107,23.17411984436136
48110,30.0946965013062
48113,14.775340890870257
48120,8.628659079413417
48128,10.124302227061698
48132,15.671097646626226
48147,21.831859857564925
48160,13.774557980920502
48163,43.93767545010705
48165,13.683534335957855
48175,6.342742143859397
48181,20.487242815556517
48182,15.45525511379363
48188,12.498738531961028
48190,28.189308935577014
48202,20.339974751602572
48204,10.21915150735705
48206,6.61646108244765
48217,24.188686321307078
48218,4.2837663425752055
48220,24.175224595610064
48233,8.443706196439642
48235,27.13876826522183
48240,9.53822178429531
48245,22.042675274020983
48248,15.020155756578934
48255,19.240017253737992
48264,40.4998065950423
48267,37.596083523709794
48269,21.06034268489501
48278,26.027930176098682
48283,34.11444747799422
48287,33.57198414793581
48310,19.023779221370756
48316,49.885257716541815
48319,26.901435358745932
48331,25.999819244540827
48334,24.837695592486792
48340,16.2641021480657
48354,11.953763024317475
48364,5.554632703269199
48378,20.651704183460286
48381,18.664144742776106
48384,14.45548225910785
48389,13.455677470636715
48395,45.020397602822385
48396,17.270439974842002
48406,31.676647758443746
48408,36.94343321203469
48410,26.616622092685926
48427,16.72016843421849
48428,38.89485144083079
48432,23.6562891475436
48435,26.197106231539212
48436,16.257433508094675
48437,22.496329389567496
48439,9.731882430786236
48440,18.398543090379018
48442,12.299712566121023
48448,11.454531285218287
48450,30.152284644348907
48453,22.563473138539987
48455,18.75649617983851
48457,8.788697005531745
48460,21.697148224502218
48462,36.758752750355654
48463,8.94176519566355
48470,21.388586235571882
48477,33.42025906747014
48481,17.251903025662838
48482,23.37173406985919
48495,20.357004912406776
48498,7.1260969723058345
48504,17.361497729305928
48509,17.60295857976828
48519,13.227132203530125
48520,13.227133679533317
48525,23.14453779268931
48534,24.978101156246016
48542,18.161863329905675
48543,20.319807868399952
48544,17.18543630874709
48546,13.166825412718481
48551,9.623890488178041
48558,8.466929378789857
48577,24.03403115270866
48585,26.496115383271754
48586,22.211478445048076
48588,27.732526073062896
48598,17.39297586909139
48602,34.8461198933001
48607,25.65276093349758
48609,26.788062877045316
48612,14.916380705053694
48616,23.571828604406054
48618,23.429569914424096
48619,23.831760035694334
48622,10.367962602867618
48632,13.08255953089833
48634,21.2526247466345
48636,18.77407303659992
48638,9.834125561451437
48641,21.26416634444357
48653,32.428948101300705
48654,26.289722454338932
48659,16.775673017307884
48668,27.7897296649634
48670,33.46765677118779
48671,17.75270391808134
48683,38.74358277328622
48685,14.567052428737686
48692,26.96531762976854
48694,18.306207474875148
48698,34.458004777532054
48707,15.520035084459085
48708,15.520036560462277
48715,18.940222754492428
48716,7.772191948524117
48721,25.976505708538074
48725,29.86007224577158
48726,10.601937150286332
48728,16.85593080434798
48729,16.855932280351173
48735,24.254434645859842
48736,28.127672613369118
48749,6.358278310148556
48758,23.201939795315266
48764,10.133270605762078
48769,11.688049962529512
48773,10.25768178398102
48775,23.362083859969676
48776,24.686476002232798
48781,11.515049027808782
48791,4.0787393989784775
48792,27.939850423143024
48803,5.185489130012808
48806,14.705281071673017
48808,27.350290720278824
48809,27.350292196282016
48812,38.21679914261537
48815,21.1929238780889
48818,6.109838869504465
48829,11.632277816831532
48833,40.87749577790835
48871,29.383964181465455
48876,13.264965412732764
48882,20.695479467614422
48890,20.278681633377747
48907,12.580544169075061
48915,23.862248946901207
48920,18.1978159990329
48938,17.50320743924961
48944,8.185207510789184
48945,25.259931383738834
48951,21.259167489641126
48966,14.354095804043258
48972,22.325642562572742
48980,12.058006777188993
48985,17.414764734965456
48986,20.783169659543706
48988,3.8725825473312696
48993,13.096122981919596
48996,26.964970912889502
49000,13.299844883851542
49001,22.533819736401743
49003,4.9154829317643305
49004,4.915484407767522
49009,20.57359644867427
49012,37.5242718711893
49017,26.309456059199963
49019,22.178828806668324
49023,19.472094187198902
49027,10.589542554997092
49028,10.589544031000283
49030,19.964034016397182
49033,26.152759537689295
49044,10.402828647268798
49047,18.877484070730606
49062,39.04475576858198
49066,16.560844592564823
49085,29.396069089620017
49086,31.024647263161814
49091,38.70649496086132
49100,12.59615656997805
49102,12.578415562890871
49108,18.308647405642457
49109,18.943319064449856
49112,19.660860901576985
49114,25.51064781001425
49116,20.409622481708087
49135,23.37269789994286
49137,26.784131906925783
49144,8.390579692449275
49145,17.22227282634621
49149,4.433652356183373
49155,20.813774821779393
49157,7.115046094708951
49158,18.854040224367214
49162,15.002459229019312
49172,12.109836092015932
49175,9.551489434422603
49178,26.878353337989875
49194,41.11037542280525
49217,25.67829684434307
49220,22.38588759736398
49224,16.935663641199863
49230,14.33415551860784
49232,35.33878087393283
49237,37.59926720888852
49244,38.715688896120966
49246,37.32146034608638
49249,20.032189124590477
49256,2.383861960217125
49260,24.4892217800349
49274,33.83495181328972
49286,19.823648986889356
49303,5.739519275667838
49314,19.721705867158025
49319,15.658601039003546
49323,4.372898431077573
49326,12.540191190291502
49327,-0.3292727902351018
49331,24.333104748582098
49339,23.580944110755407
49347,17.186400480307217
49349,18.75612341295972
49373,21.382170164405768
49375,5.655661002613336
49376,30.82511156586042
49377,5.417789872776929
49385,32.12168689783054
49388,38.51384647328817
49390,23.368105670180316
49391,16.606770686846193
49402,12.009650548756643
49415,9.952273769308327
49418,22.038812861230266
49437,29.41830913403272
49438,18.130389795800998
49445,29.542371494317923
49455,18.37388023068252
49460,19.602967971294948
49462,19.602970923301317
49468,11.898812311012371
49480,30.2288932369046
49486,17.367470250806964
49492,12.65646150941302
49499,12.131328285703258
49505,27.315062668780175
49513,36.68990635853052
49516,12.471770488214702
49522,17.013824878718832
49526,44.05123231971844
49531,16.63419194578042
49537,31.764713804334246
49561,38.83831920044696
49562,18.239324069835778
49568,11.411952504149845
49572,41.21750565656774
49575,19.22095398564289
49585,23.675834950681438
49592,19.374345409573227
49593,31.64671011063884
49595,16.521652159645345
49605,18.259921587858802
49611,41.9863482689415
49612,27.255629263314407
49614,11.20904643261634
49615,11.762023928120108
49621,28.636054733090905
49633,12.858627703336602
49647,21.50661900725208
49653,23.142785466765407
49654,33.02782781933145
49656,20.008131405939782
49660,9.401527871049154
49662,23.46832268917593
49667,8.821813731337212
49670,24.714811087649355
49671,16.797327516305838
49686,16.76304529073676
49690,9.474522720567215
49695,34.67787857553526
49719,13.143602748289005
49722,13.001822913899609
49729,18.417269311951348
49732,30.213730625884356
49734,21.611627853669287
49752,20.572225965657704
49753,31.05316953279524
49757,30.761940958977807
49758,36.45192998535484
49760,24.943079518311198
49761,24.94308099431439
49769,14.656519848987148
49770,5.757302989085069
49778,19.51149968305636
49782,21.970518859539002
49785,23.012695936537174
49787,55.609407477057516
49789,24.999484826675417
49791,10.074748185491863
49805,18.664894457267255
49807,19.146297359689232
49809,25.960573935697145
49810,11.511186403615461
49829,19.585064535732588
49833,17.715038172942204
49834,10.431852930840854
49844,28.739811311621263
49848,20.486483709349027
49855,16.611940746935996
49863,37.74147141509192
49878,32.583180424059876
49880,13.063822450122142
49893,28.18637722207796
49899,19.18966372288205
49900,4.853042679106274
49914,9.33419370427439
49917,14.944468250544507
49933,27.87117022849718
49935,23.437009337020537
49940,10.520613648830945
49943,38.82041660860257
49949,9.75344274542973
49963,26.6487864256648
49966,20.32363458047708
49971,31.37144224107627
49977,32.81169299115069
49983,16.25918711626061
49999,8.463676457196883
50000,24.46855737460943
50010,41.34328507892823
50032,-1.7367324244004578
50034,11.229595937514624
50053,20.910813564420128
50064,14.357574060728513
50066,18.744870647877274
50067,18.836133733310962
50069,14.07993224207701
50070,17.866833253184435
50072,25.491159356758263
50078,8.412515053787466
50079,15.349541857075597
50082,30.152673604200704
50084,22.938517504883198
50086,23.29095144663359
50088,24.5317073331772
50089,20.130651471267203
50090,25.608822853569
50092,30.393395227821497
50097,37.05619353084478
50099,38.90280694904702
50102,37.056200910860724
50109,17.262263032984254
50117,14.830633542632444
50127,2.476328001643118
50128,15.156400477925889
50139,19.66699052107968
50157,26.610859039419747
50164,11.21629662058588
50165,11.55377998363037
50169,23.210910211189752
50178,13.514120143362895
50182,25.41623675130776
50191,6.905580965391287
50210,13.617023756232314
50213,6.1676335490707785
50214,14.79902577692231
50217,13.58680195177465
50219,15.071247202648113
50220,33.64291922531778
50222,41.001232432040624
50229,15.546292557508249
50233,33.57641037990943
50235,10.233448032767676
50238,21.291356797237103
50241,22.026432399449252
50244,31.24969298980032
50246,18.720611792514934
50250,17.10902609723819
50256,6.723021922083014
50258,20.806281330005543
50264,17.157654333399858
50269,6.940847731625887
50271,6.672349062124919
50274,21.092347439143
50283,26.051367372151017
50285,20.47383747431316
50290,37.20612390748887
50291,27.33470996170858
50292,23.731142389701976
50294,17.257488525121243
50297,19.40206481397883
50301,34.94385077184211
50312,14.13620944027014
50315,20.01244132729131
50321,42.14898420764
50324,26.33074917490676
50331,20.791429105381614
50339,14.186441797443269
50340,25.570460316993543
50350,16.918138517640333
50353,19.295148450765016
50367,25.472161493146206
50371,18.513723269018943
50372,14.38754038705655
50377,21.487055712675886
50381,21.56584441618325
50387,36.48720246034301
50390,16.466448823463825
50394,23.93433114486758
50423,18.522692026497108
50429,22.07964676654797
50432,21.975335493129986
50438,31.959975653645717
50439,13.64121533324684
50454,22.20649084997787
50460,4.267139036619376
50463,15.84776448219704
50465,19.714983156474222
50468,22.301132019869588
50482,27.604280119113714
50484,24.946722930421092
50489,12.963500361297513
50499,27.6970949809164
50500,16.02755340047732
50501,18.708128818755657
50502,27.22586775757718
50503,16.15276348834357
50504,47.063216802926675
50505,10.74983347417858
50506,20.31828646533005
50516,19.924626413292348
50519,23.69781258837934
50523,43.15826416186404
50526,11.369229635762792
50527,21.014350299952984
50529,20.10545966492899
50535,14.151730731234583
50541,3.927952401165676
50542,17.51994998885657
50543,27.25246062354532
50545,15.037649011950766
50549,32.77325794636684
50559,37.18840308668487
50560,25.357242172771986
50565,13.755352009200962
50566,9.175376188279436
50567,19.080000238344727
50572,36.7351651430627
50578,19.706598384330693
50587,7.049970946371836
50599,18.854989871402058
50600,31.76545355660193
50601,21.82790780153889
50602,16.559333525534672
50608,11.197256104695008
50613,9.233324768789927
50615,22.583382349744408
50617,15.612443677904285
50620,20.150739038573125
50628,11.022987755835608
50629,34.272888576507256
50631,21.869518063006172
50638,44.803935100495266
50644,15.666863591839384
50645,14.339379025706965
50646,30.938684986222558
50654,30.535017458493382
50656,21.289699840328158
50665,6.845008077260665
50669,14.527370639345921
50679,14.908219494045593
50684,34.227103655135394
50685,6.620120094357908
50686,15.722928238072814
50689,28.855503226875836
50693,33.96457708985679
50704,18.80681236821361
50708,13.592479539794724
50715,31.997353779512142
50721,21.293958716750954
50722,17.180623993951524
50723,17.180625469954716
50731,5.590866506537246
50733,8.401329922918329
50734,31.458585359771167
50735,21.85404867095497
50736,21.83070446105511
50740,42.56944846591237
50741,20.478090105577525
50742,20.585322506539153
50745,24.167631277434975
50746,29.366815171041583
50749,0.012181974262041706
50751,29.742776982824427
50758,25.039012838996303
50763,28.720910605289593
50767,22.227941682437436
50770,32.46559787129702
50778,19.860563874762438
50785,11.298408948548236
50799,19.905586195632342
50802,34.86205736241844
50807,20.963193786646432
50811,29.341711113489783
50813,7.3886051774546715
50824,15.301808338774439
50825,15.30180981477763
50828,35.821252241077545
50835,14.949011331453764
50848,22.857235294008756
50857,15.60476104757078
50858,17.946325398250057
50866,18.085590922750217
50880,4.503590892399849
50882,10.402573554453276
50883,10.402575030456468
50894,28.32479618929037
50896,31.9911423607189
50899,16.602638150754434
50900,9.163931838414893
50905,35.78207745806908
50915,18.404657859390642
50916,18.404659335393834
50920,18.4046652394066
50922,18.404668191412984
50924,18.404671143419367
50928,21.166413009904648
50931,22.194431993922958
50937,52.77332041063218
50950,26.888152038149105
50959,19.500099328438655
50960,29.41608328071577
50972,19.047061026061773
50979,14.546052197841657
50980,22.12282650341697
50987,9.18096263009074
50988,9.180964106093924
50994,17.2635692958082
50996,25.166180005926112
51005,9.706334313964831
51010,23.93050615981908
51013,12.299481988136414
51014,19.25025112757061
51017,30.736639389399006
51022,13.07728916333732
51026,6.074663169084097
51032,31.245527594541752
51034,21.88601392542778
51038,20.181417908301118
51052,18.07365193400982
51055,33.7426873749033
51056,41.94778908750688
51058,16.94600995533921
51060,16.946012907345594
51063,20.535762829456747
51076,4.947907900427552
51080,15.490381618752853
51083,8.37890565229111
51085,17.942029921692107
51093,19.73330647977551
51094,19.733307955778702
51105,33.30057761887552
51116,1.0105090458222534
51124,23.791150049740327
51130,22.9330226987221
51136,5.814528445003134
51137,4.315064425934011
51141,21.393078111582465
51142,23.37955340364302
51154,41.27940511487789
51158,16.41698000886043
51161,22.577777050685828
51162,15.1748369091944
51165,16.38554392137151
51166,13.264285342063019
51173,12.737366625824468
51175,9.158079473753745
51176,12.189585184287331
51177,26.728905827093886
51181,29.177379880780837
51186,18.91932071709697
51190,2.1396004725368627
51192,24.981657033500806
51211,8.869265261942665
51212,19.71304451800764
51222,15.815370685378614
51232,32.598981820611684
51249,18.999078588545355
51250,18.999080064548547
51251,18.99908154055174
51269,8.476075694928888
51271,22.411273537218978
51272,30.766487422014887
51275,25.84295137413189
51277,20.24197133822614
51280,41.0517976625854
51284,33.99863171107323
51292,18.802164077950746
51295,10.13244944841573
51298,43.69216010349267
51301,19.047646251593772
51303,8.265318166667477
51322,4.288347856479795
51328,8.500729727975717
51335,34.1497761971725
51337,35.27900321679428
51340,27.336082064349686
51348,29.765377803133692
51352,9.247127913748876
51355,17.837578598237354
51361,9.956964697996902
51367,8.935969882801452
51368,11.992191781965268
51372,23.57420462026101
51376,11.107410833865096
51386,30.103385639407367
51387,44.59138331689121
51399,4.069366305744033
51403,18.360096763125423
51405,18.00883660792901
51406,17.563642404403605
51408,13.382946515809401
51410,33.73766013196668
51415,15.981527825603568
51416,32.933020270521794
51417,25.12428790341563
51429,41.365608520797934
51434,21.353264406597344
51436,18.47023359106858
51439,18.23565669972538
51442,12.87433217038042
51445,32.473590944897964
51448,28.286123228769842
51451,33.18711253766891
51452,18.73252366516598
51454,23.1093518935289
51457,43.1846613878092
51463,7.629666676186826
51464,8.17177371984183
51468,19.883711789239374
51471,-0.7066032667507542
51472,15.529070637486786
51482,28.656270593067173
51484,26.409593201404558
51485,28.53378415207897
51487,11.576593264911875
51489,36.473477735252985
51495,17.73627896858871
51498,37.87253349489983
51503,14.68109329608188
51507,17.83111234582997
51510,18.575945977846747
51511,27.881932784007514
51519,28.461904652606204
51528,14.044899234245523
51531,17.319964218105714
51535,23.368366063461313
51542,31.024031655103595
51549,27.58130285440247
51551,14.458037678458464
51554,12.853191784971212
51555,12.853193260974404
51556,42.446506936113764
51559,18.362337963953
51562,26.064402948524975
51566,6.357511711832437
51569,30.98822980262108
51571,4.0552610029901714
51578,11.580907736294513
51581,22.832388241827818
51583,24.175707506204635
51584,20.721601052348024
51588,19.479907949050133
51591,17.549225477265
51594,35.679794742683754
51595,29.44952762345474
51601,16.213592405065587
51602,16.492562380502694
51610,19.484796867638384
51621,14.77430315339615
51622,17.65420561079169
51626,9.115909310162571
51641,22.073307035818043
51643,17.09902538579615
51644,10.783103289305366
51646,19.396703952109124
51649,15.665191388987413
51657,4.395839314907455
51665,13.853540143264645
51669,29.4761955818792
51673,10.773531456406552
51675,3.903468057636907
51677,11.61087015322543
51683,31.11090262764198
51684,18.42322174108269
51687,29.041846926301073
51689,20.662822272810832
51690,17.1208639454095
51694,11.3190749563326
51695,11.680249468267515
51699,16.741534845248655
51702,28.066235846718758
51703,21.917655733676018
51710,23.850501296101474
51711,16.55836547059842
51712,22.084493535232372
51732,25.54551785896597
51740,16.314032834808803
51741,16.45934599613584
51757,7.452014271587082
51762,15.207263993651065
51777,14.284509328973375
51780,2.9982572778405157
51787,18.69493367990032
51799,19.686497727605886
51805,6.203339490751986
51813,10.859439133287378
51814,20.17521135603609
51815,27.125277632855163
51821,23.060703954864923
51829,38.36656456684587
51830,35.82547273225184
51831,6.816456202724986
51834,6.742493352489809
51835,21.47629584068793
51839,39.339576617219194
51842,32.3142960354661
51845,20.893867165433083
51865,30.790735546708678
51876,28.897601484969545
51880,15.949339977302575
51885,19.044890914399932
51898,24.440864899098035
51900,10.428841996064431
51907,40.544868772738454
51912,15.922933358513806
51915,18.20660693562822
51918,32.7093118539952
51919,16.215538289038268
51920,19.98308005627437
51924,17.430908248751525
51927,17.71855608203811
51928,15.048169642391006
51929,31.263772428553782
51932,21.374118054900908
51934,29.274519613733784
51936,24.03539150082273
51938,17.807430791799607
51940,15.780063723264806
51948,19.535760545035938
51952,21.654675953532976
51953,21.50173953574313
51965,5.8615802237403685
51985,34.48371159371992
51992,10.671624761238391
51995,30.871304140858218
51997,15.049805055170555
51998,24.446207121849316
52001,21.648771615058674
52014,9.37577022985549
52019,21.205876836330564
52022,7.9653095498095965
52025,2.694812333983016
52026,15.535855438563377
52027,10.427065330097072
52029,43.20264086396544
52038,32.507264165181724
52054,11.260092346762708
52055,8.37656808291801
52061,21.182024103424855
52071,9.871083575686612
52073,23.245586551716475
52081,23.823427365614815
52086,12.062595303339247
52094,9.629025064374623
52097,28.1255146836906
52098,31.783147061883195
52120,27.938885077442922
52122,10.95506773315612
52123,10.873793888519586
52124,31.47410673752184
52127,10.10407044079437
52130,16.719046222506993
52134,24.354307882741683
52135,39.48352224501406
52137,14.124549144356092
52147,27.354561118011876
52151,13.542178362760847
52159,18.09299726525737
52165,27.790338766728983
52172,14.047376963221058
52180,21.809300890729983
52187,30.164582972922123
52200,29.629626861675046
52201,13.658392695673989
52203,19.44876109873331
52217,32.08581746397407
52218,24.05869010594088
52241,29.337316113705842
52244,35.20193387843007
52247,27.565867381951055
52268,20.465338540223538
52269,6.519782077459006
52276,10.881141235401032
52277,10.881142711404223
52282,27.10173085017981
52291,39.281394892380575
52298,26.450780904275323
52303,28.005705908051386
52315,22.715495725554764
52316,26.907830795907177
52320,29.15409835336249
52322,13.157781426065856
52324,20.293544946332585
52325,22.990384270498563
52331,10.905055333073953
52332,27.87994684914594
52338,8.345140680615042
52339,8.454439243421664
52340,13.960245967388982
52345,6.271187015329801
52355,51.46038913183931
52358,26.36904522043658
52360,4.056425569507795
52363,28.439836885151255
52364,37.5456443831108
52365,12.705428214572706
52371,24.191448014765033
52373,18.26510349145067
52374,19.083771653013745
52385,37.48643464769472
52386,21.85381337253791
52387,26.708731661833657
52396,39.244320772713536
52399,20.153364848249755
52400,35.011221923262795
52401,27.08603284691151
52406,28.86791370112198
52411,22.16062024425334
52420,17.53133293592146
52421,4.533967692061786
52428,16.59481297438956
52437,28.89216396960177
52438,13.288100869129305
52439,30.2681027335958
52443,27.801254532879422
52446,25.31076799669069
52448,27.08461436499601
52449,15.896260889544362
52450,20.885707534826995
52460,6.334996599626997
52461,17.948691431365095
52468,25.90051076170047
52471,28.375856635810155
52472,29.26991203626446
52477,22.093112817114967
52485,18.30129557982237
52489,20.207676125365158
52490,5.4167841422180025
52491,5.416785618221187
52505,16.68175566350128
52518,24.32355900071487
52527,24.469996427691417
52533,23.646232797801215
52538,23.015286083943455
52542,14.376259728347438
52547,22.26904612405909
52555,21.075686603515894
52562,19.232700056601306
52577,17.533271027769462
52584,-1.4955544357609654
52587,12.82516671281726
52588,6.872294367650362
52590,23.83063079485004
52593,8.503463044002025
52598,12.658335680670042
52599,16.551850234569837
52613,51.09486660068852
52616,11.22807492659998
52631,17.411123556990393
52632,32.18693858041077
52633,13.487262648248649
52636,12.861502807949865
52638,53.58472321638921
52647,24.17486296908123
52655,48.762321097824156
52663,27.653569727269346
52664,24.28441955289698
52667,9.90668151328935
52672,17.023059974304406
52677,16.670450141231345
52679,35.833440979193625
52680,33.67389481863199
52684,21.060281633271774
52696,18.607190818088856
52700,26.646995142970855
52710,16.932912167376326
52711,16.98893002225474
52722,37.55009893204455
52728,19.582348648493994
52750,46.2771880977498
52759,12.289335849736023
52763,35.883209628480714
52772,10.962795311491632
52794,27.232421945082773
52801,7.168156487364932
52814,38.995624143260216
52815,13.728951332537925
52822,11.251055174597916
52823,18.015267434433017
52826,16.77631342675379
52827,16.8382794803931
52836,38.81032972821389
52847,22.464449451590188
52850,4.3742504503942925
52860,16.361673325929058
52893,24.27856670281017
52894,19.31646550815776
52896,17.990608411467907
52900,35.66334520702537
52914,21.934858535497963
52915,10.914279070044447
52922,12.302299678227861
52928,3.141590363351284
52939,12.847381735898104
52946,30.563069068618734
52947,16.176812798226518
52956,9.5516187394207
52977,16.48246812959668
52995,33.13139460162513
53000,16.321227840292625
53004,12.609048228664541
53010,15.182615140277466
53020,36.90585921873749
53023,7.832954111183959
53032,5.516220976816072
53036,6.885338551104667
53039,29.849545254001708
53041,23.614928955176186
53043,8.241776700164444
53058,25.00425792968723
53060,24.39200174988397
53061,42.583407005478165
53073,25.437271628852532
53076,21.245943993311915
53079,12.531527889911175
53083,14.959262575499782
53086,14.959267003509357
53088,14.95926995551574
53097,24.24426526511316
53104,8.997413744568583
53106,20.027816190413464
53117,9.204247003381447
53121,13.741530728964229
53122,11.801006449318727
53123,14.993830347277648
53126,23.720861724406024
53130,33.18900577587772
53132,37.66626839979557
53140,17.123155432405017
53144,17.167984920554265
53151,6.149364283173604
53156,25.41790336083169
53162,26.960158767364835
53167,20.381392959962685
53170,22.618896647135774
53174,32.700898440780165
53178,32.19728270443957
53184,23.904381191840404
53185,41.722225216101194
53189,15.479866276513352
53191,19.76066806189751
53198,5.6467638607994886
53201,31.822209879524497
53205,6.5043558624914155
53211,14.324289649946554
53216,23.049165137728767
53225,22.032134038814792
53227,14.04740696366689
53233,31.629799497280477
53242,18.004472307623278
53250,18.309670118446856
53253,11.710878494418829
53254,19.997260744143308
53260,2.0390892444513256
53266,27.497040207727036
53268,12.740176958853574
53271,25.63321152175597
53278,24.34223282818527
53293,22.388325771150708
53294,11.8506146496069
53302,10.159839479406607
53313,5.795335691577812
53314,16.614747649315948
53318,23.867164847514122
53319,23.867166323517313
53329,20.627701509859566
53333,26.596819172120757
53337,23.438823233341868
53347,11.228287802474966
53350,13.163102185233992
53364,24.307591685667123
53370,23.031193872580335
53386,25.494063443751028
53389,19.882176460436373
53392,22.7608937139069
53396,41.20581393303402
53399,40.202027967996585
53400,20.8952421282893
53409,21.249665000086882
53415,9.596043618029682
53422,32.25970282854705
53424,17.098102724010193
53432,30.179184737614936
53439,26.395790382778078
53440,24.825776195100918
53442,19.94833989290473
53446,24.301281692309505
53450,32.154653871026085
53453,18.829240900935165
53460,19.664725118354287
53465,38.34454958141032
53475,25.122815370049427
53476,12.401340648674172
53481,5.472161968027805
53487,13.993106789520635
53489,12.758150629743817
53490,20.065767252034743
53494,16.3220517014007
53504,27.96809814240981
53507,21.213230345061103
53508,21.531487694605094
53512,17.60691509470354
53515,20.44233304077383
53518,16.405172115363644
53521,25.51329432524957
53534,28.329924170994904
53543,23.252245922449394
53544,21.795581186967826
53553,26.122796046039856
53554,20.80556938624706
53563,18.378806971776473
53568,30.681036084323704
53572,42.116683310800596
53575,12.392535548953969
53576,6.909496612332127
53580,39.428330019639006
53598,19.363226409188176
53615,21.58355617284405
53623,11.665568937531042
53626,35.97200579817287
53629,28.878400387441612
53631,24.79462968801101
53633,20.382080777449648
53635,17.644833485974917
53638,23.62231342150734
53644,6.995677727257579
53658,27.133704261105027
53680,25.241428021253068
53684,30.991171520788217
53688,33.174787666714536
53691,35.311334363653316
53696,17.916006055310387
53703,17.40195790393636
53706,21.801859246966746
53713,15.48151537130548
53714,26.8340374847871
53715,35.53056338978334
53721,4.47799549767209
53731,23.959178892530534
53732,23.959180368533726
53737,27.392664943592113
53738,12.954992657827237
53740,12.776202015719669
53754,16.54548777832814
53760,5.157632557635175
53762,29.609140541767662
53763,4.811774529629233
53768,22.236411862460717
53781,17.854352329917763
53782,16.377269719674306
53784,13.975449397762336
53786,19.04968755113426
53790,18.13326874351981
53798,8.55295222855339
53799,6.522040362341102
53804,30.361885289074966
53809,22.086221500815906
53811,3.8109084774632365
53814,26.45266773718718
53820,17.680696170351442
53836,23.50219523119822
53844,24.059952256676514
53855,6.761817937276838
53856,19.22568386171142
53858,21.17416736250652
53862,11.78161666942638
53866,31.817377693466046
53867,14.273506082855224
53872,30.79286816310849
53883,10.441215842576149
53885,4.058676474373932
53890,17.61085051039989
53891,11.48309503866611
53900,37.13559972659486
53902,21.07002994692117
53905,10.375472333674121
53911,16.46616410977389
53913,16.466167061780272
53919,10.10191906384464
53922,23.822425309257984
53931,22.48031166662472
53936,28.25160038530903
53938,11.10473815981084
53944,8.266150941018903
53954,28.069267319627944
53968,14.521036927366328
53971,29.66480028603876
53974,18.037289448004703
53978,17.89881201711656
53980,2.3199135006866953
53982,35.26233190655543
53983,24.039069559749503
53985,8.76903059460981
53987,19.67905548740254
53988,3.175958593610673
53997,38.064910894064724
54002,9.943344062329658
54011,9.12152030491043
54015,6.87393835845743
54016,14.650554591473895
54018,12.733920711124405
54019,7.354594907111476
54026,19.397248483442514
54027,20.619840028604063
54042,26.09637206728303
54044,29.939126302805366
54049,9.416672424193653
54052,10.924171250543285
54054,17.061757770105356
54056,12.618364782729344
54066,11.085743005973413
54069,15.16995970983287
54073,22.036730793856197
54078,22.215171156824784
54081,18.92134219273402
54085,9.207594661797799
54089,0.017111824919680885
54093,16.133535288981893
54094,16.133536764985084
54096,16.133539716991468
54099,6.184623851223151
54101,13.248924814696093
54107,11.31923469979715
54113,10.946441122669007
54117,44.018784826553
54123,25.86911076027938
54127,29.356163541156224
54139,21.359460750281006
54141,13.237418399396766
54143,31.724827034380855
54149,12.222592315570843
54152,17.117058597692736
54192,17.26178885354175
54198,9.310472031105036
54199,9.626297724492233
54208,33.66221688529424
54210,32.464715419979115
54221,23.85125944163526
54222,28.11787792848975
54230,21.462741818835067
54232,13.16145273281176
54235,21.402013679081836
54236,39.05015148910118
54238,16.039777729301893
54239,16.039779205305084
54248,23.45729243415069
54250,10.462203847098017
54251,13.59418352250222
54258,21.597444589555483
54266,29.623780512402934
54272,17.32942936310545
54274,10.810016514239429
54278,7.093370723628318
54279,27.097130555472095
54288,18.94328147085422
54292,17.746542189327347
54295,14.859228374902504
54296,31.68998884960647
54308,6.945392353234645
54333,35.0580954447242
54334,24.612884057434155
54337,25.240344853693234
54339,21.719714233869485
54340,39.12335880887245
54341,30.86626804638998
54355,24.100047940446782
54357,27.4048063134256
54358,18.99148101701555
54362,17.466799759313663
54366,26.188381695573103
54367,30.113264866946228
54375,21.12973391747028
54377,41.164676755940235
54381,26.300826251322224
54384,28.662374197493786
54385,4.969524558333902
54386,0.6436067907317025
54389,22.64230847312948
54398,13.623205257595849
54401,9.201082202523573
54404,26.045658961685664
54407,19.707008934373693
54410,38.723017266803296
54412,32.51901837293799
54419,24.944613031272926
54420,22.080092523610677
54424,55.349028044184294
54426,39.28454615919317
54427,26.70020160902823
54431,19.10453412260667
54433,12.578043566500561
54434,26.816331428888926
54441,4.9192254202407355
54442,37.66126892869865
54451,9.54628186272317
54453,8.428312486368739
54461,16.699125067103093
54468,19.597142158342255
54481,29.792895365640764
54487,6.780160245195297
54491,16.355025456586564
54495,18.258070206129776
54501,15.462435660965287
54505,6.725633348037967
54509,17.04858254322723
54516,22.976995382998037
54518,28.156358666165556
54521,30.784951528487685
54524,25.339020452337234
54525,37.810654182822375
54529,7.399781756722469
54532,30.729154132463773
54540,26.103283434731896
54541,10.868521777137069
54542,3.625213630297651
54544,20.44319311823803
54546,24.364671623537884
54547,14.502945437720246
54548,8.719009349705605
54555,4.599397250206337
54556,18.059536007839615
54563,21.717352483553615
54578,25.50439329816778
54591,13.306947613268115
54593,26.34269662621998
54594,27.36942248620875
54597,20.89309161978041
54603,18.061407429838997
54605,18.480477449621365
54610,27.80606954658199
54613,18.4601732950842
54627,16.364745176846082
54628,7.906304382704402
54638,7.275105473994653
54650,32.84205774201554
54653,31.835856939432706
54657,18.53781513571084
54664,10.973135261198799
54665,12.276388929728114
54666,17.458673709610412
54672,5.827251447666889
54673,6.947348049678659
54679,7.34437488749974
54683,7.344380791512499
54684,15.104830283371147
54693,7.224449596810366
54699,23.78132493792268
54703,22.432708313626986
54708,47.26322615815131
54713,31.39115158220721
54718,8.435248238284785
54726,18.935505486455146
54749,23.268412007493072
54752,11.785408930294079
54754,31.64894751343707
54769,34.620630187117925
54772,34.15484922013967
54776,12.915203708979554
54786,7.3957781361300725
54788,6.758481504350094
54791,30.785743113995938
54793,14.600284683535744
54795,34.06049734687899
54798,14.402995570791294
54802,7.634595050841273
54806,10.882027032241552
54808,24.300057563816754
54813,26.438316662748168
54821,23.668391781408634
54828,24.81198538443636
54829,7.401149247344357
54834,16.674813579535563
54836,28.912421351991714
54842,15.740194967415665
54849,19.787691649559132
54855,12.09912121242127
54865,15.734987482258436
54866,15.784382508601414
54871,15.128157870037317
54878,23.295168580991334
54881,22.517246391151783
54882,22.946266465918793
54902,26.23914961948042
54904,10.477637742111348
54912,18.115465074600632
54914,4.199007093649691
54924,16.827483839500122
54925,46.13438846212114
54933,31.060127058440674
54934,23.24001730118295
54937,21.728264559831292
54940,18.426813132235342
54944,16.705635046198285
54950,26.298635515732922
54951,19.628052363937204
54953,14.516533373197422
54954,15.509441115499616
54956,34.85092133903544
54957,15.576577604241304
54964,21.04635017041304
54966,23.587640985565816
54967,14.414498160327884
54976,25.678160115356516
54981,8.882964699198318
54988,26.250295838391754
54991,5.835487640066781
54997,15.162412387836628
55004,31.17757076195738
55012,18.81930959238878
55013,6.934198695622282
55015,22.188473956146243
55016,13.99484553527164
55022,8.64669599861256
55027,21.30641355873384
55032,21.865837737028702
55035,29.855479399126917
55043,16.914556749476194
55045,24.420474559055837
55050,28.92988093037847
55056,19.953889869825975
55061,18.74938190612929
55068,7.9505495543587585
55070,23.22550926422328
55074,21.77775596093318
55077,21.484370108124512
55087,19.205813847096014
55089,32.35777561153995
55095,10.311594022467094
55097,14.348285241555875
55099,34.61352460172357
55102,19.769213519448773
55103,23.418988049535844
55132,0.14089889163545166
55135,15.99112503084758
55139,30.263057458392506
55140,19.56117217430516
55144,29.243969671629916
55146,33.84034293175962
55147,15.725559178603834
55158,18.492733594321326
55167,10.98585777306645
55170,10.45684731370362
55173,5.476870277362295
55176,20.05382253420314
55179,15.583740210299684
55180,15.583741686302876
55184,3.541198801041311
55189,19.18913484897971
55190,24.55962943679315
55205,22.687717500148747
55213,23.50094304620507
55224,11.833249696095628
55225,18.845952088586845
55232,13.624436244257062
55234,19.58387784647498
55237,27.328065802069002
55242,28.261394683832894
55252,13.581471142288184
55257,25.259790027781168
55258,33.491565166407455
55291,21.69958797127204
55293,9.37092035981772
55295,8.140569948791104
55297,23.212882356493278
55298,25.33831523171975
55299,9.002399372007446
55303,25.70119512015736
55309,7.672192772181965
55310,7.672194248185157
55315,14.122728236557048
55322,6.799610367859984
55326,29.883707024222094
55327,18.846102640912324
55328,20.543028222087894
55330,11.9650118515438
55334,33.30778897106751
55344,36.15172393300489
55348,11.429001136381437
55350,28.729609531130098
55358,16.252128755432043
55361,25.29566769071261
55364,25.24391361062656
55369,16.369725593049726
55375,33.76234948820681
55376,36.931360427361696
55378,14.575955926225387
55380,21.989525811678515
55386,18.135624444612507
55393,15.685422536913716
55397,16.54361933782187
55404,31.582237770017993
55407,24.399103596330622
55419,22.525397690395227
55420,12.583870396171907
55428,19.31039836103047
55441,39.31865901512205
55448,9.541605815242278
55452,5.953881136300133
55457,26.30969335049844
55461,9.629597397341122
55464,36.0831127906948
55470,24.402553430202264
55474,33.18751901252173
55477,20.542007707574047
55478,9.001503785792355
55487,12.927514957163194
55491,7.469909388195241
55494,24.39341968055243
55500,11.653319695652435
55508,23.961071209666255
55509,20.489531229575814
55516,17.61325049158832
55518,27.42811209607773
55521,22.69074829038313
55531,22.93212521665504
55551,20.612229079539876
55557,20.11922241435389
55564,14.969013230434722
55567,15.297231813598035
55568,19.164512299183546
55574,23.98259241931709
55579,15.129202880296479
55583,24.233437943410923
55585,26.648977945770955
55592,10.477660402353699
55595,19.39359296465901
55600,22.19058550235731
55601,11.323913791570043
55602,34.73735245875447
55603,29.722652175534225
55607,23.56891681837698
55618,16.912184749625442
55621,19.01902316611366
55629,17.249538246002903
55631,14.300066868035078
55634,14.120955299595057
55635,12.981123733841436
55645,20.367121102756354
55658,16.683473022335154
55667,5.063845614417964
55670,10.384871908181175
55672,29.046249521215604
55680,37.50210884871164
55683,29.983990252102497
55686,25.317700171219972
55688,6.821881112992948
55691,26.356243612031857
55707,41.04907896856287
55709,31.640894394140833
55718,8.342851818599634
55721,26.352361055164156
55724,9.519300077243741
55727,7.633413038737672
55736,10.851194142948554
55742,24.11029076648322
55769,19.423350174610608
55772,33.758259531978055
55775,18.742438287181532
55790,17.274955623926918
55791,11.452260405345452
55796,20.771616650769776
55806,23.44999171351235
55811,-0.2050919837968479
55821,21.76115026867043
55826,24.361761676614766
55831,52.501335154293685
55836,17.897156952462826
55844,26.515166956131967
55850,16.67445033240541
55859,28.067648359725457
55865,13.376963599838444
55868,16.297206274492087
55872,18.468746879503403
55884,16.916374287114383
55885,6.61829140873548
55891,20.106916686252266
55895,15.164722619572625
55898,21.054813734009347
55901,34.341719899036576
55903,4.9943082979297415
55910,32.19108159813446
55913,17.729653350729993
55919,30.644212369657158
55921,25.195053609993526
55932,25.283939628244983
55942,21.56828272927176
55943,40.11686801707566
55946,11.577707293561225
55951,12.450590445837154
55952,6.469466894281773
55956,17.504828222098713
55961,17.16667327849709
55962,15.005739165970017
55978,31.1113107965022
55986,13.459353008804268
55995,12.63623961248431
56001,9.429061667696985
56003,8.818362357487477
56005,12.134635813106733
56021,6.7165596848532445
56025,11.187053748176847
56029,44.672725415827514
56030,28.764015847477356
56033,22.422085851271493
56041,34.794390254157676
56042,20.30319772927083
56051,20.650667981455204
56052,6.015129303977808
56057,10.964369919441488
56059,17.96810701528616
56069,21.13455843640043
56082,22.483486549488365
56090,17.490875229528516
56095,5.465770564246185
56099,37.20670579035301
56108,19.31626921089438
56110,15.567300196056738
56114,16.289152592386838
56115,31.41538823545392
56116,31.415389711457113
56118,21.07152613799857
56123,12.642402575812621
56124,26.43738307105445
56136,13.027418151023706
56138,13.734940147005098
56141,11.624099459104436
56147,19.24592726991337
56156,22.802231946602777
56163,36.106926451499774
56168,13.097523955095397
56170,16.124054640675315
56172,33.9491540608436
56174,30.967456364342855
56180,20.999791026671904
56185,12.085929665224644
56187,24.362294513766688
56190,18.06751185325292
56199,26.084092041090816
56201,12.32684496422861
56204,24.286466437307357
56206,8.060422388467867
56211,23.61110167862522
56220,11.610350347464916
56232,19.96224081932191
56237,28.483598260023744
56240,16.439015849144088
56249,17.65552719299689
56253,23.735264160706226
56255,19.327282560920796
56256,15.60062461134996
56262,17.902183208404598
56266,9.426069607946623
56271,37.41403764752222
56275,12.7361061679346
56279,24.508488927154882
56280,13.043667594312247
56285,12.09914532986084
56286,1.9471959151604423
56289,1.9472003431700173
56290,13.12340996960588
56295,14.441237003714551
56299,11.026069218885073
56306,12.262607175710766
56312,31.711240448593106
56314,15.589430898212601
56317,23.453824439213125
56318,11.46531139632166
56320,9.555026474888237
56326,25.678900095021287
56329,53.24898679658311
56332,53.248991224592686
56333,34.36056994293445
56336,8.22070707545386
56347,6.749154554890389
56348,18.670430884666306
56356,13.691919669580052
56358,15.469576733908571
56363,14.350153861595576
56367,16.54994490603193
56369,19.421170578920954
56371,17.473702076442446
56375,8.600264571884217
56379,24.2266734554394
56389,29.222640912614477
56390,45.809991848766245
56394,22.664263311425362
56395,33.08273359199475
56404,21.46413210229049
56410,9.580771367436277
56412,19.50814797383868
56415,15.438483135414113
56419,9.305903746904981
56424,22.662046044482413
56426,21.510651931108253
56427,36.19892806902948
56428,22.139554554598316
56431,26.208908353053733
56434,13.717834698587943
56437,11.127144390934589
56445,8.90374534161726
56452,36.75008650102474
56455,38.53877230448616
56457,20.0834345545366
56461,9.04055524528438
56465,17.65584600968612
56468,29.278021425359118
56474,26.82391406331502
56476,29.803903669827402
56477,18.299775569979328
56480,17.743332825484405
56484,19.843397943286963
56487,46.83202954073643
56488,22.294158253126643
56491,23.14494824614668
56492,23.14494972214987
56497,4.0763404404254615
56501,24.94768606991639
56511,28.263487607249804
56512,10.858976769229798
56524,20.189681912019704
56535,25.583362421990554
56538,31.06161661820501
56546,54.53031767475639
56550,23.557658695602417
56551,6.821811954422039
56555,32.79291002128605
56566,12.39265409886055
56570,8.494287422547352
56576,22.0824825099445
56578,14.78161970121349
56585,20.474316296863595
56587,25.31661713141178
56601,23.244211028607285
56623,25.27136819892228
56624,25.27136967492547
56626,30.36850295510592
56629,11.60499281865135
56641,29.97786575300582
56653,17.183968707113596
56654,63.1970941977267
56656,17.291787514555853
56663,48.3355967160805
56666,36.99727151369841
56667,15.432542947289281
56668,24.253144567833136
56684,14.548983047430706
56690,25.18861546317203
56700,32.305961139087046
56711,10.88401625081675
56717,32.41909246264362
56721,-1.2596074884244501
56722,28.97149935626121
56723,14.300869495632217
56734,19.683110068167966
56741,12.952099830111244
56748,25.65516865542239
56756,8.431711721717406
56760,27.560552326721723
56766,20.513000812267524
56769,14.128286548614046
56770,25.132188948496573
56783,14.704424388483599
56788,36.32192625719489
56789,19.28888301198751
56790,14.398373090430258
56799,26.576304443694323
56807,19.243286082807234
56812,24.766575798596424
56813,10.243325286993961
56818,37.40174135970467
56823,17.680166202879594
56824,17.113789800837953
56825,12.319676730905009
56840,25.456958470766256
56842,38.24486270938574
56850,6.188684336001344
56851,9.600110227926137
56854,20.755526823884285
56856,16.499396747779226
56857,14.186909334741134
56861,21.3149236611487
56865,16.959982710890802
56872,23.317605166265626
56875,23.680431726552687
56879,17.79271497157629
56883,11.142289297288379
56884,4.637094310495392
56889,19.928339686841465
56892,18.31966407236413
56893,20.0660621180723
56895,7.609563363492249
56905,20.51375946047946
56906,27.789442616402855
56909,38.344277850728616
56911,27.676648383229132
56917,2.6226432851236936
56918,9.414356400207087
56920,18.10256976516693
56921,4.215851515072323
56933,37.35897567730511
56935,39.79653871742019
56936,8.831138207587465
56937,7.896892922139337
56939,22.937405776401054
56947,11.872497763288504
56953,17.83809391066892
56954,15.36267640896256
56956,24.373954354359054
56960,39.40963005190554
56972,10.92146922326831
56981,15.91319537568521
56986,33.05298742889508
56987,6.481947302229692
56990,11.51095354966608
57004,23.05475623781594
57015,42.145673579669776
57017,25.511394658061516
57018,24.710622154316365
57020,25.606970606202058
57023,25.702567754448612
57033,7.408917373696063
57043,14.683396296511955
57046,28.36545124989171
57054,26.861888533218707
57059,25.439566260063902
57060,23.108045900163805
57077,5.374739766378674
57081,19.980694428696584
57084,5.359226539718051
57086,16.921652771737687
57087,38.83256923949864
57104,12.94546833278456
57106,24.334235355758533
57111,22.114502567892334
57118,15.245533529984204
57121,23.271157437982605
57125,47.49950149675644
57130,20.32275727207129
57139,13.677235794770333
57147,14.713198436587977
57148,23.898023535391903
57153,16.01151134930689
57156,22.98089203142204
57157,22.980893507425233
57160,25.502106154695102
57162,7.002041760627513
57167,18.782511349850818
57169,26.887290407838282
57182,20.348614164427023
57184,27.924227416961063
57187,5.589599461086728
57188,4.063551712913515
57198,6.71781008107196
57202,25.571086276769147
57204,20.75054296542866
57212,26.22995386758895
57220,34.51330754121959
57228,32.78311617167893
57229,35.024884865136926
57242,21.57149017842293
57253,31.95173052374898
57254,5.28689109773233
57255,13.670674255236044
57260,11.221680873132406
57265,18.072436818394795
57268,21.364079164265366
57270,21.11932159793098
57281,12.772831888357626
57292,7.468102468294056
57295,21.150977679235748
57297,2.3848357240691698
57304,2.3848460560915044
57307,2.3848504841010794
57311,2.384856388113846
57314,2.384860816123414
57326,23.143441033143606
57331,18.153088334578843
57334,23.024263394959302
57336,17.15060860155869
57344,12.253696194848501
57346,10.30822346165554
57350,13.654099578216577
57355,12.90176766634881
57359,33.927793937579395
57367,18.051117314970174
57374,10.635073308202443
57375,3.0716174109654517
57378,19.60143732762781
57388,21.93449602478069
57389,9.957314664897929
57396,18.272236916815846
57397,10.924750526708184
57400,7.622932661717776
57426,17.378060186787483
57429,14.118965147938955
57438,12.824152983469126
57439,24.539560004172447
57440,17.789533330786487
57441,3.654472946523839
57442,16.68756195867427
57454,19.392822567263085
57455,26.644697388889146
57457,19.513239885928908
57458,19.5132413619321
57460,19.513244313938483
57462,15.781639741564138
57464,11.7489326901459
57469,19.016347007716266
57471,21.860948471653703
57473,21.196783775428106
57478,15.36154807390714
57484,21.5486621180567
57492,18.64486428477996
57507,28.332405356088618
57511,5.789056406583377
57514,21.823784204009474
57516,31.032065539665002
57519,17.870916853935295
57522,20.64100617340902
57533,24.954759171682458
57536,18.12217504098115
57543,17.89938235773612
57552,15.02663531000967
57556,2.029740414399967
57557,23.09432890774959
57561,23.274058011814187
57563,27.971413811787958
57564,49.453140186068794
57570,7.321675424557949
57580,15.941540870250808
57603,24.424042206717264
57610,19.509916225661403
57611,5.149413505305144
57613,22.355098679211128
57618,20.832317746304934
57625,21.39837645255928
57626,21.39837792856247
57627,21.398379404565663
57638,14.604480182548759
57641,13.561733168927368
57647,20.163698568321518
57651,16.880882905270813
57654,8.170380852214073
57655,10.99603904151509
57660,16.98620999821934
57664,19.267234261471774
57665,19.26723573747496
57675,32.05726433175249
57678,11.47907580770169
57685,28.451250971909108
57689,33.39780070214829
57713,15.662729634517195
57718,38.22218010869808
57719,45.01697660270828
57721,5.450410531150723
57729,27.327275637345107
57739,18.93607936518327
57750,29.670425409379778
57755,6.240423709665173
57758,6.929798394847964
57761,21.720894608398016
57764,46.287843116875536
57766,15.286126240958783
57768,18.29143799385601
57775,33.21284085800072
57777,8.448780130975074
57778,24.02430146376229
57780,29.884534007266186
57785,16.53289886236205
57797,22.055871115002876
57802,29.965084848083723
57803,13.917558488065687
57810,17.299605753104192
57811,14.970912833069544
57812,15.498629840389473
57817,10.912721041147428
57818,21.639514247270316
57824,7.639055532484203
57826,14.837280304924153
57830,15.273831562465272
57832,13.844157756795717
57834,21.721076915712562
57844,5.283675010184474
57845,15.788779522107138
57846,8.913141508375766
57861,23.985968038614704
57864,9.786188846323817
57874,17.759481053780615
57877,30.190838118910452
57885,33.586150826562175
57888,16.518068898153043
57891,24.787691308648984
57895,4.403137544939469
57908,26.54273638097421
57913,16.016006629806785
57917,13.803260409737586
57923,34.744022947375925
57927,34.27526213556925
57929,27.92415067566473
57942,10.963658071727217
57950,45.783046663373526
57960,26.468285003874843
57962,26.468287955881227
57964,28.225739401824203
57965,31.30219633926816
57971,10.993964058371912
57975,25.241132074056463
57976,19.11828993804639
57982,5.018356750238773
57986,34.84278216917191
57989,16.287319989388987
57998,10.442985755094536
57999,28.233264630694176
58001,17.175153868052522
58002,17.175155344055714
58005,18.478572539053747
58006,18.47857401505694
58008,22.54008206436841
58019,6.45251507048253
58023,33.86405947472275
58026,13.109435982019122
58033,20.33104868915439
58034,31.962540156439335
58035,20.445371250011863
58043,23.466748077008138
58052,23.320667548555587
58054,31.72590853549342
58055,16.72779154141313
58065,17.422648318815586
58069,21.054586746809232
58070,16.303545148019428
58078,11.089632005961384
58079,11.499826410830046
58081,14.512166739806364
58084,16.047133653301945
58086,12.710088970549442
58088,23.559581122892826
58089,11.055774706569402
58092,9.00176533406768
58097,15.541551166227901
58104,16.729440885555473
58128,34.65073567253543
58139,18.734840734099603
58146,12.898491715719246
58154,32.28251505792086
58157,24.10234716178991
58180,3.211476402119864
58185,15.757264181149583
58189,24.397008771023227
58190,26.46083519979594
58191,24.1023973458984
58199,12.753396789531799
58200,4.136468363225866
58207,21.641815318236002
58209,20.258759210789446
58218,27.759970201909294
58219,24.703111301295746
58224,25.168196177495222
58232,16.73427835488255
58233,10.541544187313015
58237,24.200483952882397
58240,36.249220657684276
58249,15.680754632663682
58262,12.963142890044239
58266,45.35607538614968
58276,14.389737779328346
58277,38.262778095107336
58287,19.2009124328596
58288,33.65387239695292
58291,20.58037489214445
58294,10.418803752615894
58299,23.966511951659722
58300,30.004085103071912
58303,28.840062419246944
58313,17.458161432129184
58327,19.24914495686956
58330,20.749919113390195
58336,15.692390660818955
58341,18.995764318911984
58346,19.67979798307859
58349,17.369897574856854
58351,39.74632290484972
58354,14.577634180078395
58355,25.58093771056311
58362,3.508196912644962
58364,3.5081998646513455
58369,16.144799864684405
58370,29.110293020833314
58384,30.64027211227017
58387,45.79678005188825
58389,21.325401967213832
58393,4.530032648508659
58400,21.06291984044515
58408,21.821054150289807
58410,20.511916793864092
58414,18.76950338188532
58420,12.073336152016726
58424,3.4467992166890298
58432,19.712949847217107
58435,21.37289186352702
58439,19.364636393657822
58444,16.340536743034324
58454,36.948340145523645
58463,6.424596040917649
58479,21.508384147205316
58481,20.129014000647675
58490,20.249646835477808
58493,6.424640321013378
58514,25.77766731085101
58528,12.017767544218533
58529,35.68367585928641
58532,16.61566221116907
58535,18.386054517019975
58543,6.631718527432085
58545,11.283994944832738
58555,12.83934557879433
58560,16.286915744485785
58570,17.34188684129389
58574,22.330809726458863
58575,11.429091060564506
58581,22.89625515865359
58583,25.66541316323023
58585,5.945964476469385
58588,24.27233002168847
58591,24.696251631616082
58598,3.9292998591170303
58601,2.8543327782386854
58602,20.18618052271194
58611,17.40399469411378
58615,26.00312742434487
58627,13.668909805584928
58638,17.606264027947464
58641,9.995299190633297
58646,29.59286623178325
58647,29.592867707786443
58651,18.627065094213915
58652,18.27327498872697
58659,8.250005011064623
58661,23.843557093647238
58662,17.097759190419584
58666,29.56968994662299
58669,0.02387191953405221
58672,8.603104141904147
58674,21.73863038742697
58681,25.144646523811357
58686,30.110306711053266
58692,35.97718550792176
58695,6.251130460219635
58698,4.130506117079122
58699,31.48331768094261
58703,7.918685430332722
58708,23.34193958902033
58716,7.87554500486241
58718,17.592384045110666
58724,25.285046933332193
58729,1.1305920162603726
58744,18.324260540157763
58745,22.561215827024935
58747,5.794053939135374
58748,50.20979680785908
58750,7.412148400875807
58753,29.77819379390228
58756,45.45300728104493
58761,19.2225084793283
58762,31.454077085728773
58770,3.8620674611490458
58771,6.31293597965491
58775,17.640463824617914
58776,17.640465300621106
58781,5.3802145549034535
58789,31.828170670414057
58792,10.953366874455291
58795,24.42600957102174
58796,15.799112160599517
58797,20.892821646786093
58799,23.534791595344846
58800,30.655810795678708
58805,18.47991096387523
58820,17.176367806856536
58828,11.425873229788131
58831,18.358820680116526
58832,14.006181789176768
58836,17.3104642426235
58840,26.156854205455947
58841,15.306183044478022
58844,13.492553105044358
58846,20.62831337960196
58847,29.16172783609733
58848,7.34284728848543
58856,16.895053811765163
58861,20.498674955912737
58862,19.52944270711099
58869,18.649523515237302
58872,21.782175954548325
58874,19.655013419366565
58878,12.426198417349177
58894,17.79167943942608
58896,17.79168239143245
58904,9.733644598434807
58912,25.158710134780012
58929,27.446183945023552
58940,15.584640626152538
58941,8.643796102966455
58944,20.669808608337693
58950,19.959086131529435
58955,22.04903930584616
58960,17.82190374575517
58966,27.886720081575813
58967,36.49875293181951
58969,24.366400754643795
58973,0.2743656228855684
58975,28.22987086675182
58976,24.030369441419918
58995,13.979481814029956
58997,22.626083154738136
59007,21.93925492483069
59010,26.786849048827992
59013,13.63609867994236
59016,29.306114512186074
59023,18.60688034620505
59026,7.280276170174339
59039,13.016701795724522
59042,30.3136399473882
59043,22.341760113914933
59046,11.231453148587264
59051,11.231460528603215
59062,22.494856708853906
59065,22.457436686015644
59075,14.03203942008179
59078,8.643998315403607
59082,22.519853204735387
59089,10.292387848788735
59090,25.42355679813667
59092,20.605673365369956
59093,20.605674841373148
59095,17.059538620407228
59096,14.908973918494656
59104,15.671805152941406
59119,16.504060832209102
59120,19.415303523650483
59128,14.873726742204372
59130,37.212534277045904
59134,23.06376445949037
59137,26.217250209044114
59144,26.182344623669554
59145,18.946226466225827
59149,31.653473148503675
59154,24.029125513226656
59158,13.582329679996334
59160,4.44842862412758
59168,4.740624419802749
59169,10.244809788623222
59180,12.39318890572013
59181,5.449099852315406
59188,12.398822641399288
59192,23.753064930258088
59198,15.855684398422927
59201,32.5238495560164
59211,17.664898606050148
59212,45.161992048003455
59213,15.66683883004237
59220,24.106185435383576
59227,13.884179591547582
59228,19.818656823776596
59237,29.078930406395333
59241,22.26956282444515
59245,15.52084799090439
59246,2.279430605401039
59256,11.228905583458818
59259,19.82765624286029
59264,12.540929410888232
59265,9.302498082019518
59271,10.191686551961872
59282,2.6694361257604484
59289,24.800036498499434
59293,6.623321627610103
59302,15.140606492036031
59305,29.356015628221694
59311,15.107643124539624
59313,30.9957188615889
59315,14.214199577453787
59326,8.256639548205762
59340,12.817089136459597
59346,6.72341950645702
59349,17.454038159138126
59361,11.698133985942611
59365,5.7949661091073565
59382,19.779667025447043
59383,18.301537259710503
59385,25.64290271458083
59388,9.258989075391028
59389,35.1480178318339
59392,33.19824850785919
59395,22.540093228869022
59408,4.767768661881725
59414,30.011993026644472
59417,33.21141632052658
59418,14.013963391262909
59427,13.780637395759673
59434,24.950384130057575
59440,40.28585454611681
59449,36.723979843946026
59455,52.296897137599444
59459,12.88760898234127
59463,6.735260193313074
59471,22.33289597802963
59472,7.130271067623191
59479,37.53647302055248
59481,14.090370032213276
59486,11.097143102225381
59487,15.304632130977193
59496,36.40856749137291
59499,17.892676507289142
59503,23.09186705798999
59508,11.61309807263029
59512,13.10666064738794
59516,15.586234232214078
59525,26.092075690739353
59533,9.427770625882125
59534,8.889684941726536
59536,13.90582080896366
59539,16.635748788979388
59540,18.175438412562887
59541,16.40700505523387
59544,29.506031517527024
59551,28.017071790950904
59560,44.77101123944743
59562,5.477499295709208
59567,15.73697593084491
59570,17.540368471099914
59571,20.290485459965563
59572,11.393732811440053
59582,24.107705224081247
59584,6.382770417815372
59585,29.691918486290813
59589,24.131564960938203
59594,3.608644649158677
59595,3.6086461251618687
59599,25.235800234492903
59601,32.555780977984924
59606,31.595256718716858
59608,19.384139226486713
59609,19.384140702489905
59610,19.384142178493097
59614,28.526185565013694
59617,28.526189993023262
59621,28.24124227422833
59623,17.056130823545548
59625,12.784237387595951
59628,22.94359938915181
59638,31.974722486049533
59643,16.763058721624798
59662,26.57206343880718
59663,14.947147836474091
59667,30.515491934927443
59668,11.877482314434069
59675,14.583667940813147
59679,31.930845817609427
59700,13.118149109967138
59703,23.631366058773896
59711,22.78473545129661
59718,15.093585542385615
59719,15.093587018388806
59731,30.00928666067045
59750,5.815466429652609
59754,26.79704965773819
59764,26.645472528404287
59776,23.445593796508515
59777,19.289823845300237
59778,13.212334594276662
59780,11.561938373442239
59782,13.20524663456235
59786,15.79164444430069
59788,20.331497160961067
59794,4.3108452109392275
59795,4.310846686942419
59797,13.472660088661964
59813,24.375097501756347
59826,10.381292248638882
59828,17.426373925324302
59832,22.5226084301563
59842,16.32593864825049
59847,13.358262445204485
59851,21.612220647200534
59854,6.009025391193795
59858,14.08023585102261
59860,13.740433830881663
59865,32.01798235209229
59878,18.984986215431558
59879,18.52927820657256
59887,11.598301908105235
59898,16.46310425893451
59899,18.96023589933205
59901,24.852494794496483
59905,24.46127626716282
59906,20.50059065831128
59912,21.80295256909326
59927,10.093985797138807
59928,18.711954193385797
59942,16.952078498705998
59947,10.351455793667832
59952,29.150276289859608
59954,29.91423586573433
59957,13.16680035973878
59967,12.922742760319956
59978,22.162083599675523
59986,21.049182337504487
59987,12.572662067766895
59993,14.57277205857719
59995,33.827177445607134
60001,27.435062982757866
60009,21.957910558501982
60025,28.343942794420318
60036,13.112283626625299
60038,23.637160292068746
60041,22.706961969794822
60046,31.678233271788702
60048,16.707732738018795
60056,25.156440495768937
60057,12.470886786970048
60060,22.23091690768445
60075,12.250449125242191
60079,21.650177434271793
60096,16.750653796758282
60100,15.613056855009258
60101,20.029779983449036
60102,7.787243152736416
60104,14.26008166330907
60108,2.0290943176747547
60111,11.870064867129962
60117,22.66577627441767
60118,21.182617758939767
60130,34.3501522777492
60135,6.428412838371209
60138,37.4191814952881
60147,11.928306674832069
60156,13.931798721705768
60157,8.584227637373761
60163,13.366095916389206
60164,49.07538625782179
60169,24.743834947594312
60177,8.774279978608913
60179,4.449932671379116
60180,9.564480039741305
60185,8.387709456053926
60186,4.658263423486929
60189,21.36914216882909
60191,42.11138782427669
60193,22.24995779706028
60197,19.55689165988063
60201,22.775682628412955
60208,14.64768229078241
60214,7.055170170224521
60219,48.72837896503721
60223,12.672272984652349
60225,21.469658327744572
60234,44.57374867394883
60248,16.440646074482064
60251,47.13026759698893
60266,13.198246020873391
60278,30.83844251287694
60295,19.34563838090975
60298,22.30803225270878
60303,21.68082510088767
60307,10.417245546059746
60311,19.963075937299582
60313,24.823286853240607
60314,15.403893621606738
60315,21.139901141109338
60325,36.92223873099152
60337,14.812749782390814
60338,17.79306820962417
60341,19.218383859082298
60342,17.887269631346246
60350,28.62924760784836
60353,27.632858252308846
60355,15.042475322274488
60357,17.22583579934403
60361,26.247207120899606
60365,49.214305230958914
60378,38.594254740489035
60383,22.761656360782542
60392,19.312240117085683
60395,17.73429014791488
60400,37.35447184846953
60402,28.72935582887749
60407,23.332421698421303
60413,24.780186758495613
60416,11.278375152444923
60418,22.962707936519582
60427,14.983710750685265
60438,12.544262365024245
60471,26.268727441811773
60475,11.75371578845995
60476,25.251458938938494
60484,4.843658216155269
60490,40.87384980823359
60491,25.208913129418978
60506,23.806100667070712
60510,20.763920049675303
60516,26.49580354601081
60518,27.32077031285427
60521,15.76255301317362
60523,29.5052714534695
60524,18.32404358314749
60531,5.561527739615578
60532,16.536448856263252
60537,16.444004303704535
60539,31.500711632830612
60550,27.36977899505118
60551,33.34190506116862
60562,21.5492342189855
60573,34.09055400686428
60575,26.16778112384763
60580,17.686775125853334
60584,5.750180454659983
60586,22.560713077563566
60588,22.499287347044056
60596,15.639839172901961
60610,24.04141939161926
60626,10.918252069856486
60629,21.05226622344242
60634,11.57475746395314
60637,23.323060734851314
60640,23.779666173627223
60659,10.751055938383168
60661,35.07957227500019
60662,36.991762410921865
60666,15.547180878121399
60686,14.851354582557821
60703,10.429385781251916
60709,23.328435689063216
60715,37.74209503799156
60724,40.792080823944076
60727,19.81456565862945
60729,35.439191356769044
60732,35.43919578477862
60736,10.944765618402087
60738,21.3312541006993
60742,13.122295708697749
60745,22.887117788290286
60746,21.842881853910672
60757,6.039703432609766
60766,19.07468522754988
60767,28.56904147516158
60770,16.24907498714568
60772,19.697190724639643
60774,23.777583095433325
60786,44.805283635180416
60804,25.469042048627056
60807,5.833956441663041
60811,32.71411427774119
60813,40.49420902620922
60822,21.319034537147008
60823,25.313628709362252
60827,24.368475074298903
60832,13.726627322693439
60834,21.0638186280128
60836,10.660184930123357
60838,26.633132575949137
60839,12.545237591249688
60842,36.21484892580135
60845,14.084802774201581
60847,18.748922863639013
60855,5.44980466026507
60860,8.4510664941266
60864,21.517360401192075
60869,13.013420602275648
60877,20.877948447172916
60878,20.310932139725043
60887,10.707812315161583
60895,13.85608780379625
60897,18.68469818758574
60903,10.625661323584815
60904,19.472593167532327
60906,31.803583093294126
60923,15.703651068920937
60928,12.39869614037054
60933,13.235388530980899
60948,10.596643671123843
60951,13.707635708247153
60957,27.126827947118205
60976,10.548159407097835
60979,7.989014651715699
60981,24.60982959393458
60983,35.14667329149586
60985,19.986892800702396
60988,4.896189432557499
60994,21.570502859932606
60999,22.25928687242831
61015,5.962092142051162
61017,14.349029509112281
61018,17.928697235940707
61020,27.582252641469825
61026,26.658921140124374
61029,13.770221670505762
61032,21.267134275367706
61040,6.884307280873578
61049,24.630499851030063
61050,19.19738457206125
61068,6.2200313525331765
61076,31.145491315725547
61078,10.209204012282889
61082,15.090049666138608
61084,39.22270669138527
61086,21.33676995469388
61089,21.45585891094814
61090,23.215882783993333
61091,23.215884259996525
61093,22.24677155634704
61095,3.627613104457968
61105,32.121055518245456
61109,32.12106142225821
61111,11.828545082646261
61114,9.944358003962599
61118,19.66539501926683
61120,27.837923456084557
61131,20.138150629828093
61132,22.986760620109106
61133,34.46235926870952
61138,21.687460580295454
61139,21.960570952994512
61141,14.524622436520243
61143,13.849484364321114
61147,27.746382381064397
61149,37.382896257970344
61151,23.67438891296037
61152,25.28981664202188
61154,26.542002418678653
61156,15.674029959664313
61163,14.531656770324933
61166,21.408499980850213
61167,21.408501456853404
61179,22.713363456830198
61180,16.805749423402762
61214,17.697316305587965
61215,17.697317781591156
61216,17.697319257594348
61217,17.69732073359754
61218,17.69732220960073
61219,41.39902847879081
61225,18.119090485870917
61226,26.238497791207383
61232,34.841003514536936
61233,13.437125180983223
61239,24.104785207942268
61242,19.0719267000505
61250,11.094313888082958
61255,20.381190721995555
61256,34.87926722797263
61260,18.82578832192397
61266,15.772301073282936
61270,26.53541455685593
61274,17.80539224556983
61282,18.944589658781485
61289,37.02579997829689
61293,6.159527281644678
61294,22.74814938129715
61295,24.248746210054296
61299,25.460134472814328
61309,19.66424283900273
61319,15.934263261009303
61325,18.625497717842865
61345,17.428385728078073
61352,28.56666185175595
61363,14.46869073925399
61365,26.67834310769192
61369,21.312388497307143
61381,15.511135437913925
61382,19.36337690833445
61384,6.282314757991344
61385,24.6737503799658
61388,33.00431363806469
61394,26.44728158273747
61396,18.199139644808756
61401,18.63970395351375
61402,13.707824356925933
61420,1.5438173174813983
61429,7.115193153512145
61434,15.559483733640509
61435,18.212653136521556
61444,11.053263802214243
61447,12.838639742978266
61452,16.286491283922704
61464,15.273368810248048
61469,20.493508546489476
61482,35.919234360635556
61486,25.32626098972725
61490,22.502976885653442
61504,19.515663782086808
61507,46.770914718340094
61516,5.169107919785652
61523,12.942026544076022
61528,16.83622398261544
61529,22.40898671385614
61533,26.66638444729676
61536,28.73969859512039
61549,27.808742062065516
61552,25.0307266877301
61556,39.79359912917079
61558,7.3116064097592
61577,16.886595428529535
61582,23.117202370084787
61583,9.12303863142212
61586,26.668142009454453
61593,16.259576462064704
61600,4.303518217275972
61603,22.230496540816578
61610,24.085421811539977
61614,22.312381112743562
61622,6.348519740862116
61626,39.07002839742023
61627,28.05883264448254
61632,18.739996413245454
61640,24.460438744616074
61644,37.29151761248545
61649,14.229101313259196
61650,14.180306609705038
61654,13.127940114711485
61661,53.91225931143731
61662,23.00455388873195
61665,12.20815187685606
61668,25.129498665096808
61671,9.277307904293188
61672,34.73453993664984
61673,12.639597081788192
61678,17.313745466369273
61679,35.1209801884784
61680,11.817847356304167
61683,48.556233698062115
61688,32.64390045696116
61691,12.782579883574936
61692,12.473091846047176
61694,11.823182916094616
61695,10.017907482463343
61696,4.591619141119587
61701,15.298438598600175
61703,12.530690272020877
61709,8.086026514187033
61712,25.12170956086909
61713,7.811199433843605
61725,19.764585908272895
61726,19.764587384276087
61734,8.484242003724354
61737,20.055507782573162
61740,24.313999198283536
61742,22.57084184728001
61748,17.431360712922338
61751,9.759641332419328
61766,8.301134346266156
61767,19.324621912951745
61770,22.446277488455944
61771,21.031927036550666
61788,9.564654799602824
61799,13.147622121835692
61800,5.182784459923781
61801,24.36478966234331
61802,30.326751937029048
61810,20.998342147028044
61814,22.703197911299558
61815,19.464859461083943
61824,25.246118369805824
61830,24.018093171768616
61840,9.416219697131321
61841,11.33066249895304
61873,20.724920644017477
61874,13.425077006937766
61880,23.02644655786356
61898,22.24116647905962
61908,22.813975089162152
61917,15.738151083761398
61924,15.76982442149195
61929,56.08985470924729
61932,16.71785206818716
61938,16.450235243492163
61942,25.606619456548845
61943,19.391607993896503
61946,2.1383038571508095
61947,13.404121724957143
61952,9.964049667458049
61956,17.365672008065335
61960,-2.02983408409154
61963,31.11265901996264
61968,19.205642107666495
61970,57.577768802047885
61973,23.276330844911573
61974,23.644646936592903
61979,30.4719894120112
61990,10.169324589210841
61992,23.05024411122123
61996,30.012629807897863
61999,23.877080972355873
62000,30.280018419997848
62001,15.583639923831125
62009,36.54230124603991
62016,22.748464694650533
62017,24.917597460134903
62023,17.23806110950561
62024,21.9625662591577
62029,24.467580090122166
62032,23.289081943370807
62039,22.218812857013138
62043,28.626441891309742
62044,14.494725575548411
62045,16.405369058938366
62049,13.42052956538408
62063,28.354422727689613
62065,11.362689222810936
62069,24.711221738686707
62072,25.439619318192474
62074,11.545305206515188
62077,21.11615148535626
62090,17.98338091493493
62107,18.632105273328154
62110,7.446911424898943
62117,17.846772739685537
62122,24.419998689720007
62126,23.448649380366806
62130,25.854700148707412
62135,18.67694782519499
62136,17.05987984757137
62142,14.278071711271327
62151,43.61972470329506
62152,24.754845256560284
62158,4.070887448772332
62160,17.138615424554455
62162,10.7478784333667
62163,18.22963304872089
62167,32.23086488615765
62170,53.534781924200004
62174,34.76079997377846
62175,23.203943519746904
62203,15.895264787872907
62207,17.9630765584637
62212,17.64474857673517
62222,13.45214275490229
62226,34.32942605527255
62227,34.32942753127574
62228,40.63909829951899
62238,24.578266784765578
62241,10.609255395998481
62247,21.198145788689477
62256,9.199221107762106
62260,50.4551016606122
62272,15.088056513520794
62288,49.1859103620189
62292,21.14110080329738
62294,54.35377474222402
62298,12.316138684145841
62310,25.38260493430754
62313,11.952286529814899
62318,13.197553032533744
62320,22.010858864074873
62322,1.6752027545653974
62323,14.732705644907984
62330,26.43673140689062
62334,36.57362782600411
62336,2.5940159205254574
62339,19.913154027734624
62342,29.28314420687396
62343,24.759537777433817
62345,32.2680509005928
62349,13.632790203438667
62351,13.17506469865948
62359,20.712268351349582
62362,23.936318800296018
62366,10.197219212064518
62373,27.44651150817751
62374,24.695067527650938
62375,28.246875196741787
62381,13.435254383055085
62383,34.772922523572845
62402,17.54543025055074
62405,6.461416832681522
62409,18.977419925953424
62413,4.846584887223884
62421,23.87245496563423
62423,22.888703266208925
62424,23.273030607142903
62426,13.945950347854637
62427,32.23539451157956
62428,23.117505059165385
62430,30.295774064267295
62434,12.563000531470081
62445,10.191283479367549
62454,16.436005662373535
62456,25.06502003047275
62460,20.39510945761582
62467,19.596723443570273
62472,15.065907571975135
62473,11.745842036143706
62480,13.128636323497084
62482,7.773855742927687
62491,12.711089895682125
62493,17.048611771844097
62496,19.393761579225558
62497,24.473872682770885
62498,33.07875040478534
62499,4.060588299540392
62503,21.587083197716165
62504,4.304852524160552
62508,20.948650057626242
62511,24.82154940722923
62514,11.837455920260489
62515,30.55213138852997
62521,13.834703317942942
62524,25.24518863057138
62529,4.3148820796663685
62537,33.777253523453325
62540,17.21623332143154
62547,20.3357357712845
62552,24.60828185387823
62553,24.60828332988142
62555,31.864679808669532
62556,20.352585029830305
62559,14.52240957321408
62560,14.522411049217272
62561,36.546291335395466
62564,13.224213652665291
62572,29.048452481236946
62573,23.369151979328866
62579,40.37916245435932
62580,21.782219174242048
62581,8.799471277802375
62582,8.602068882416631
62585,15.74143050847508
62590,28.71477250543533
62594,26.5121322385064
62595,26.38856865790027
62597,14.957290385010307
62611,13.35016250608972
62613,13.887364706728814
62616,24.938916029855537
62618,31.660044416000563
62624,38.28183025192837
62627,12.843646336321552
62630,28.452686403492482
62631,18.07469732035624
62632,36.86361811505047
62636,19.48632778671035
62637,8.001693019072285
62645,13.261749148628464
62652,10.30471188762175
62656,34.382550604166184
62660,19.852513738994023
62663,18.428173337499704
62665,17.988534687881558
62667,7.0903182927658115
62669,19.074007727816127
62671,14.531446327464447
62681,21.439541048071337
62682,17.38581805955892
62686,22.70617778087271
62688,20.47766758372504
62691,10.983785060047573
62696,24.138892119785066
62710,30.911317550952955
62719,25.50869880035494
62727,17.383835340387567
62730,24.383722059786233
62739,-0.29701798030865945
62740,30.12580151396614
62744,5.864372391414953
62749,12.488693024857913
62757,20.45816427895372
62762,21.203259006698662
62766,6.432296202766501
62782,20.262777449874566
62784,22.704003359926165
62785,8.29613542397545
62786,32.44459655302566
62794,14.447274902346368
62800,22.574014861288394
62801,8.522309649900848
62802,10.285642249640809
62805,11.291631638544384
62806,13.476754100467737
62807,20.452414737238886
62819,34.53203742272953
62820,34.53203889873272
62821,34.532040374735914
62833,24.98005720371614
62840,25.148903383051508
62843,30.396815064912747
62847,15.257067586849512
62859,17.148565570741507
62863,31.537509901853465
62866,33.186463756217506
62867,13.198070531482877
62870,8.84823609383259
62877,20.48161127097045
62879,36.3652053660536
62899,13.99542842924524
62902,34.98323474767395
62903,34.48989771262299
62912,16.44462549021299
62913,2.8290977304690514
62918,5.01372492943154
62924,5.379968886804257
62925,5.379970362807448
62938,34.532213067109254
62944,28.22380223008877
62946,11.096817189494736
62950,23.67699457301811
62953,7.113934871917856
62957,24.152519885580457
62962,10.197677469763285
62974,6.856250797010304
62976,23.343436018571307
62977,23.3434374945745
62981,14.06884980230392
62982,30.508986912339633
62983,3.729120950737837
62984,25.805566460829024
62987,33.327075942507605
62997,7.073235412272723
62998,19.001851793489923
63007,29.23075627742873
63019,41.84644652945714
63022,20.511129372913647
63024,14.839771605523783
63056,16.061343224668423
63061,25.602650746404738
63062,17.091459247576186
63066,29.075700756988898
63073,27.284297139003154
63079,19.624916144861377
63080,43.77789371123018
63082,17.40942554303034
63087,11.675077853617111
63098,32.77917439616833
63099,23.362122062106852
63102,7.860958526975008
63103,26.783619144861095
63106,36.541821582809746
63107,4.847768743581064
63111,21.641966641069406
63115,28.252187513012064
63119,18.47096259276451
63121,9.587066839220338
63137,12.804407858479507
63139,11.057238842304052
63140,12.87427025357562
63144,17.11993680909669
63158,8.483099183186077
63169,21.133748860676054
63170,15.96925277731886
63177,22.667771645726578
63185,19.27538327508879
63191,10.59112096277537
63197,25.313266092240088
63199,14.33174567714605
63211,18.495491145370774
63214,19.070947163529983
63216,18.479586646937452
63220,26.923925134700855
63222,41.492960071028065
63228,8.830091405065456
63229,8.830092881068648
63233,14.859365663411271
63240,15.64553043292327
63247,30.501921644219063
63253,11.67934256043295
63255,19.809198218674116
63264,9.052387391126082
63276,17.967670249218205
63287,16.318965775894416
63288,6.303145555379885
63289,29.227141003652466
63299,20.035298939323187
63300,11.032026831009734
63302,12.014934964770063
63309,24.109412489839517
63310,12.647259771978785
63313,20.929765695682075
63320,13.984213740878094
63321,23.238904676691025
63323,34.775748160731894
63327,15.05631230135847
63328,25.093788150953355
63344,16.345518000529072
63348,20.675348533053768
63351,24.398289220666296
63355,19.10419639428
63356,3.700885103436086
63358,6.593862139587415
63373,27.276648378830753
63376,35.04852682595593
63382,12.908333007702709
63384,35.904300530299196
63391,14.675771086202037
63395,26.137322869444805
63396,17.40887126431571
63404,15.424984446399879
63419,20.396524944675907
63427,27.549680291066995
63444,31.444352300695247
63447,21.057167458216153
63453,18.4833706042341
63461,19.492031438631688
63462,17.880107321350355
63468,17.526183849318553
63470,18.98270194607557
63471,12.544126085241587
63476,18.16478543164931
63487,31.884539208478348
63488,31.884540684481554
63493,27.130815946480727
63498,8.766326706246804
63513,23.17597916492559
63514,23.551618474129487
63518,18.714724899876348
63520,24.725539211680957
63524,23.680005796571738
63530,21.867465932345358
63531,23.120079100303872
63532,35.55471289655931
63533,13.128417304110336
63534,30.62471810916902
63539,27.646009932406177
63542,10.213180399805541
63543,10.213181875808726
63545,24.54933949405932
63551,25.710508648678424
63555,22.526152339695376
63559,26.924425499782576
63560,29.528636593998872
63563,16.953931261048115
63565,36.69513516177433
63567,14.34986126175804
63576,29.427126448351505
63584,13.030719102942847
63585,33.6858486276096
63589,36.10662545727986
63593,38.67630397186916
63605,22.38879421519137
63613,14.06782271431165
63627,17.639099886415583
63629,25.411941547337268
63636,7.447598239498042
63661,23.027900643134945
63670,26.981716821251513
63671,12.419222974885066
63673,24.273146658492
63677,21.161036888277753
63683,6.925495200443045
63689,23.7919849516764
63695,-1.7165657928030527
63701,30.023887000599576
63708,12.850233404423626
63709,12.850234880426818
63721,21.313146758232794
63722,18.2014659723301
63726,9.398984606886309
63731,34.6031045434562
63734,13.358236076918107
63738,14.370336001154389
63742,14.370341905167155
63748,16.08639948448806
63761,33.10114892103434
63771,6.857427171553461
63773,15.309277622152312
63783,11.29307516966509
63787,18.641768376975367
63796,19.384699125782408
63797,20.405867675997374
63803,31.616588615771075
63814,38.12763220514414
63815,37.35641251756441
63823,36.350158592946286
63832,31.36626738770728
63844,14.164008722102057
63845,14.164010198105249
63855,17.430410964485322
63857,7.670190846251515
63858,43.16265924747155
63859,18.899035539519236
63862,13.111667614451271
63863,28.513388535194483
63872,19.884025332752106
63875,11.125859397748279
63887,24.009613019189946
63905,15.502926145368672
63910,19.267163607623235
63913,12.523872408879093
63917,22.1571744901096
63920,19.024638846042148
63925,25.206256771754614
63934,13.387070427085114
63939,15.853772539342305
63940,15.853774015345497
63945,25.86406625513514
63946,16.34817527751372
63955,10.072425154241976
63959,29.475227529753422
63962,21.79087467729399
63966,14.470739359288377
63968,20.54533739600848
63972,17.54647144990661
63988,14.351732161752057
63991,32.97948657171659
63993,23.822051002896597
64003,12.081576677831574
64006,4.524502903966685
64008,13.411216190841934
64013,7.894748004881457
64014,19.46436038451918
64036,22.770766567013442
64048,17.93568062856418
64051,36.495179410948936
64054,27.409223386910764
64067,24.250850612521592
64077,5.214001641412388
64081,6.776911545907083
64083,32.62613699422754
64084,26.1564943752342
64085,33.13175541571884
64088,19.246047321045612
64095,39.79438305738168
64102,26.075372237567098
64114,13.083764826220104
64115,13.083766302223296
64131,6.385826546957162
64138,12.625355327662255
64141,30.37367555813613
64150,20.85230640312987
64151,35.62596835956107
64170,9.729395375348723
64171,11.545368306220897
64173,11.010622229408405
64174,5.377013126275578
64176,12.573278609764298
64177,12.57328008576749
64182,25.034811680326005
64184,14.691433408815332
64187,16.248671187007258
64188,20.487583214866962
64190,15.92642631395005
64191,3.1660038361806
64192,3.166005312183792
64194,9.729690498703022
64195,28.061910032336225
64196,39.656471708476744
64199,12.748712954446638
64201,9.313751181425324
64202,18.640684003751606
64203,28.68650704258881
64211,42.828946950962944
64220,22.851192308287853
64222,10.524005793795247
64224,18.880548539457667
64227,25.376035717942084
64233,11.873141555143444
64245,14.835384408784723
64248,18.422568021200423
64251,25.281315090284107
64253,19.81004164162444
64255,20.613293969844623
64257,9.509480184263758
64258,30.317391324455674
64265,11.685940206126538
64266,15.059146178289243
64272,36.01718026206419
64278,11.172959439076916
64286,19.0775172694694
64287,11.267977551181694
64289,26.827002444709482
64291,12.758895905544694
64294,9.914614800094306
64305,12.692306984341464
64308,34.42720416833015
64310,9.166796057576772
64314,18.355160642426515
64320,13.743450797164865
64321,13.743452273168057
64322,16.204570112358827
64323,32.58193055586318
64324,18.828967477314524
64325,17.548904753909245
64326,8.39844771545129
64327,26.124725682309478
64336,25.631528783145907
64344,23.925665936489896
64347,34.343035911363984
64351,11.990081251981131
64355,14.028693371739838
64357,28.169921402112653
64375,11.10095912286851
64377,24.806948424109915
64383,41.20023083818167
64388,20.19740735904421
64390,22.763453107502688
64397,20.571277129053232
64417,13.480552918252403
64418,23.120442305515287
64424,22.477973798164538
64429,21.393405608600286
64441,20.800740544620187
64443,2.321376184263478
64452,8.469437356863224
64464,3.428566651995432
64466,35.490744994751495
64476,10.830434845861976
64481,9.23838828323624
64484,15.351082805180997
64486,10.753467497445325
64492,20.369434688650234
64496,28.502262870800156
64497,8.499181919416973
64499,19.22452108035009
64500,23.87533328612992
64506,12.861260534929691
64508,20.153207615532853
64509,27.38587188340153
64510,23.838961352530777
64513,24.720624918939027
64520,23.10272021110723
64529,25.61092200567339
64550,34.42912613874559
64551,21.064154199492716
64554,23.905559769565205
64557,23.7016748050246
64558,14.264249129971564
64559,18.624532279107644
64560,16.277834643790033
64562,10.572855108069273
64564,17.82219370691436
64574,9.312919683564672
64576,18.847608199610097
64577,16.3383155292338
64581,38.116475420678924
64582,7.049811062323137
64585,13.042377750826425
64588,11.279650604313808
64589,21.144809814062246
64592,16.624606790505982
64594,13.643045808657014
64595,23.74875619296991
64607,20.199273081424995
64609,7.618145584740169
64613,25.06299155565218
64614,21.425551351990276
64615,4.088873163915103
64619,25.700988620996046
64621,18.94466218063241
64623,24.042185990039382
64625,17.255382193359598
64629,27.23045800464445
64631,12.151673267101032
64635,7.661963915183193
64645,23.671110215462644
64646,18.550779373180678
64651,5.6487258058350776
64652,7.420859771708557
64655,29.513575369835767
64659,7.703999798968333
64669,10.973587145192475
64671,1.8580460580702507
64679,22.691863390422814
64680,28.92297838810318
64685,21.07568632914526
64696,8.485369276093692
64697,17.034071342944774
64700,32.32270892407716
64701,15.18388048217177
64703,16.009813249032053
64722,24.73713621880508
64739,32.031089129954694
64749,30.728771890275684
64753,16.42159310667235
64754,9.266909308513455
64761,32.365345038998925
64762,32.365346515002116
64770,23.50182961964239
64776,26.26408466026422
64778,5.556215479392229
64782,17.63403192929316
64785,19.197723973006465
64787,28.361549817476234
64792,23.557314124595127
64800,18.7171628105441
64802,24.324579496902533
64803,30.427857646438728
64804,21.75616550542799
64806,21.191569311038382
64809,7.013328757028411
64815,17.59080898347006
64826,27.004955615910465
64829,23.763141062563736
64831,19.096654689423364
64846,32.99175509088205
64851,10.66496667003058
64854,45.712477676958954
64863,8.821442588229651
64871,15.336575782554124
64882,29.030201123591088
64885,35.65083086277353
64890,20.54873748104149
64893,28.070840671775425
64895,5.420803794534628
64897,29.840533454532586
64905,28.55793515349183
64906,37.060790206032806
64914,36.359023157133336
64915,5.824695100488505
64917,25.43557570492887
64919,39.4326566162524
64927,13.84817676878611
64929,11.462680268955943
64930,5.803180066864776
64933,9.267173513084622
64934,30.319092568356215
64937,38.7858918172889
64947,27.961289626722536
64958,16.846773259314755
64961,13.324747481836958
64966,18.007329409427957
64983,23.284700143933815
64984,18.19403136953429
64991,10.468471479205107
64994,17.145512146881845
65008,24.54221573316914
65012,25.352738350876376
65017,12.230256308320858
65019,17.304693631814093
65023,36.856887708693876
65027,9.703947891163924
65034,20.7173897389029
65043,8.227753859153378
65051,10.704917428826718
65067,11.47860977223851
65088,23.674987334827296
65089,23.674988810830488
65092,23.674993238840063
65103,32.85766264457142
65113,15.132717547511493
65117,23.94245110894921
65119,14.631371775039316
65122,18.81581305578675
65129,16.422309988413293
65132,20.383391533438438
65138,11.224000275674683
65141,17.147034227255975
65146,21.114528693084036
65148,27.08971528508447
65149,15.268719757706666
65151,15.04510463851489
65153,27.557946420563784
65170,21.613454515220145
65172,19.881595445197195
65175,13.910672655761992
65178,16.133099465536166
65185,23.569926277143143
65192,23.662728287613486
65193,9.89199065096745
65195,6.542459190223738
65197,21.824459854201816
65207,20.512373245884948
65208,10.316518817206312
65210,19.20991035763088
65214,16.101308340275462
65219,15.219242067896605
65226,31.641294062619256
65228,6.702669672153547
65245,9.138188409450116
65254,22.79702904544172
65263,15.284987027971216
65266,7.845197329146963
65267,11.446860079445877
65276,16.654084989159774
65278,9.118138456391279
65284,13.885712407936374
65286,44.53317277655658
65296,11.391030202892544
65302,14.20703827402038
65306,17.91077569150936
65308,18.72199901059648
65322,6.632220450848102
65326,15.729324877738694
65335,26.553571245193186
65348,22.87478128381098
65350,13.816827230643788
65360,19.114941391910595
65365,23.95200696531
65372,19.51327960186965
65373,13.32969709690537
65374,13.126523952072365
65382,12.635390299623914
65390,16.641294696319417
65394,13.305091353253694
65395,13.305092829256886
65398,7.821919561748096
65404,17.801288220198902
65406,38.580085311261584
65409,11.175946664031478
65431,10.158860134220792
65435,20.607487203245046
65436,32.50536232947698
65437,33.899842619637425
65440,15.07853032016138
65441,37.613248524835186
65444,4.595475321619112
65445,11.29706277776691
65458,31.927873371278668
65464,20.620520289245274
65473,10.769998554165873
65478,10.75094000957138
65479,17.952644880394327
65482,31.58064402426709
65487,11.055236811975632
65488,9.481154902450434
65489,9.481156378453626
65492,24.720631555566673
65497,20.834706754920038
65504,20.836207593506142
65505,23.76892758880371
65508,17.417935083049688
65511,14.863323079683273
65516,47.79390987902238
65518,28.018540967821284
65520,10.91965878619483
65522,31.100045844436995
65534,27.58442464301581
65549,14.637003356229005
65550,20.84020498322437
65551,4.3193425613093055
65555,27.785842901668214
65560,31.636301311675172
65567,28.864998337513708
65570,10.040361762033747
65583,38.99396283057109
65588,23.356219683362962
65594,5.344572373509372
65597,27.398361017988936
65604,31.72357361371289
65614,32.96340785066097
65622,22.44172820858518
65625,32.64198854095753
65635,16.630761910984805
65640,15.08839490899388
65643,34.63139868875653
65662,32.801882822694594
65666,42.06758733956141
65674,33.93403504366145
65677,14.632195384819855
65687,5.716834924560459
65688,19.504423713467393
65689,19.504425189470584
65702,10.171165724553482
65703,37.30867199079103
65705,24.13096547600968
65717,7.134069202368689
65718,15.080204201986053
65729,9.394133825941545
65737,25.48277157600553
65741,15.206099164553908
65742,12.092326740052151
65748,16.02643188016184
65757,36.33697689236871
65758,5.604860149871509
65761,26.742536829555643
65766,15.36518094198632
65768,27.79596601240134
65772,20.147255787058857
65778,18.962017487447117
65780,18.47609155000931
65800,7.162752997743816
65801,8.370118410656495
65802,18.55647785204076
65810,40.83946275126431
65812,25.15329006453489
65813,25.15329154053808
65821,11.110355172412703
65828,24.926548625651964
65836,27.994487273256578
65844,26.354980355025287
65846,8.445128590722781
65850,28.126677301114913
65853,11.807619127651698
65854,26.581928046680776
65855,27.479428130150158
65870,25.25919942551835
65878,17.55809831525666
65879,12.465244205516516
65880,28.25048057820023
65889,14.164600423687961
65895,15.023734978746848
65900,20.86591931930249
65903,6.175017351257381
65905,6.788574724410253
65915,16.234555537398823
65923,9.263187233065825
65935,3.3817164438111647
65936,52.29719445072375
65944,18.743359895822483
65945,12.259212545704344
65949,34.943690544640404
65954,19.868558559020943
65965,10.839846489596134
65969,19.320009740042902
65972,18.84366481502644
65976,21.31647514542829
65978,9.298137755295294
65982,34.42939534585207
65984,30.915104601478173
65988,26.334505309352895
65989,20.256775514377058
65990,40.44089823305268
65992,33.049121231080164
65996,15.826958579240891
66026,28.575313553892304
66030,29.778873867496674
66036,23.9233470400639
66043,24.042174325954417
66049,17.403636472170394
66050,8.935909924844797
66059,33.27635105156541
66065,18.023886029336214
66067,31.63204587153911
66069,23.5357063768291
66083,16.478111194943057
66089,15.091496727896992
66094,24.92746636050779
66105,17.256206443654126
66115,22.507009752745557
66124,20.42064903527056
66132,24.16702503868115
66137,27.981173859291236
66141,7.077875966304944
66145,13.245761163148497
66146,29.530877261258244
66147,19.35515617910045
66151,10.807887113363769
66152,19.747260098819996
66161,22.924154296945208
66163,26.151961993598153
66166,22.44254888398638
66168,38.60320458733564
66171,34.60646555831511
66175,11.683154911796606
66180,25.60589019346911
66181,13.868664749403472
66182,22.098553669957543
66191,5.208931470789615
66196,12.845540319288823
66204,14.419720176120439
66211,32.90139720487734
66215,11.549734176861481
66217,16.890371923755968
66218,29.234373783335908
66220,19.09439431011872
66224,26.598536610290648
66227,36.74931664277483
66228,25.139751522283913
66231,27.2381017167852
66232,19.605888882302228
66250,18.509173477666497
66254,24.538720191638138
66259,58.769988314409304
66270,13.404882875232715
66272,1.1397547341434873
66286,6.702753519034218
66287,38.28928149143691
66293,25.915366363710564
66296,42.93638917099801
66297,29.957211769903598
66301,16.922385999015045
66302,3.7052334088365058
66308,29.99824664460559
66312,6.6269621733938
66326,18.037383310144055
66330,22.8362895893509
66331,6.374871571142911
66340,11.10182674432469
66342,11.67988224400353
66344,6.3356209599647
66346,31.23360397169144
66348,23.156757533931998
66349,15.664739348432338
66352,28.924711636743186
66354,13.778794665224058
66363,-3.937337088457511
66367,6.812194616629206
66370,18.701953839769846
66372,10.758585362109123
66373,24.576005340948118
66374,33.0227091441799
66387,4.0771294662666975
66388,47.27150216232336
66389,18.88576624660175
66395,2.8134981297246853
66399,7.149414023503773
66403,10.564522038604391
66410,11.50157312261312
66419,21.856301303069845
66424,16.085415906904334
66427,8.964128425497684
66441,18.10986666023246
66442,18.41575037655338
66443,9.2876475587613
66452,29.712199185675406
66457,17.06621782935223
66466,14.354838796092427
66468,29.199943541560284
66474,17.373476468850473
66476,18.565326452293537
66486,10.430717852419797
66497,19.73744610144878
66498,12.941865021905539
66504,6.906870080507662
66507,48.353698786589675
66510,19.331622596086238
66521,26.087484983126426
66525,15.249213666417777
66528,21.340113908816466
66532,24.2525690508245
66540,34.910776409452296
66565,20.966053567291464
66571,3.8657140372079866
66575,32.408447873742645
66580,7.775493587758909
66582,28.5147051433955
66584,11.613810264419183
66589,16.861234854577734
66592,27.512887830007802
66602,10.603309772822222
66608,21.955400722894456
66614,20.788244478631707
66622,31.96582787224249
66633,20.936144582201347
66636,16.863749766377996
66640,21.00033270755444
66648,12.00493194585773
66649,11.277229077896756
66652,11.165999915534677
66664,12.533611858861835
66665,36.03459975531564
66674,24.839813421373382
66678,21.11946856110062
66680,26.58660821361592
66684,8.045703102908014
66687,34.23036999155222
66694,26.71819006958736
66706,30.59754993917728
66715,23.621757953884806
66718,31.50829066737202
66729,19.92931741769021
66734,30.28562176480195
66736,28.014567879377243
66739,19.252954271241297
66745,7.0530036572250765
66756,22.17137377394778
66776,50.093049012570305
66778,31.726688297989174
66799,11.318404746873547
66802,27.926289505998245
66803,27.926290982001436
66817,26.01771168041022
66826,7.85204328189495
66828,19.16083462796073
66831,14.796579227636062
66835,31.993205326089768
66836,23.97360776913806
66839,9.903867013107835
66842,19.25186400592975
66847,15.305246199594254
66857,11.709077060176437
66867,5.159676471218184
66876,16.51926447980698
66888,14.086610393329156
66896,25.778646890712455
66897,20.409542454686065
66903,40.1898938921464
66905,15.573692532495375
66906,18.75005585803196
66915,1.662751021843718
66918,16.135655320610955
66920,30.204185615765855
66922,30.20418856777224
66923,31.59583884779771
66928,7.271262251434912
66940,9.002372140717085
66954,18.183974667717724
66961,27.08308233147974
66963,0.9299826911443461
66965,27.636706999409018
66966,28.186582827577656
66967,27.048098851750634
66974,17.120552019001597
66975,12.519518585587939
66976,9.71714952389086
66981,22.141348094226704
66982,31.660392947208695
66984,32.160654876946055
66987,36.12822627358166
66994,26.224499374759315
66995,21.03859810593909
67004,22.53708169364818
67010,4.678964579292689
67011,2.2937011392043303
67015,18.309703690347515
67026,15.49139986690017
67028,15.66962936907662
67039,16.949244830462977
67041,20.593289920064922
67045,14.377433481020535
67049,26.69527825829911
67064,10.325132143161568
67072,27.228338065047385
67079,36.178674211382614
67080,29.704159108084955
67081,14.25737991212468
67084,30.284471819776446
67089,22.27739669688869
67099,13.19839286871358
67105,16.12785757280371
67107,11.422562402689955
67121,10.07676137884473
67126,27.76363136616985
67132,13.937802828627888
67133,17.65572306770274
67138,24.52894907637126
67146,15.388377075458354
67150,31.129144204409986
67157,21.13184946990997
67165,11.199075420452552
67179,20.712709876291566
67182,6.254337991745892
67183,51.909618498968385
67187,28.694525437642643
67188,21.040012068073157
67206,12.935900031716049
67224,19.045755140216674
67226,12.40367456508914
67227,5.301611277555274
67238,28.35483036339927
67240,13.589299273097573
67254,18.217824281818213
67265,15.663982943736546
67266,9.547586577019015
67278,7.943451571851476
67283,28.117201306490127
67288,24.627896770854807
67289,44.709807649792964
67291,28.9479486854384
67305,17.71145748871815
67317,19.675498198992475
67321,34.91838390479259
67335,12.425162785633894
67336,14.892160030279175
67343,51.61464341004837
67345,9.646749667196808
67346,17.875871019966514
67353,17.641873669756865
67354,6.159777277594884
67356,25.100760653217097
67364,11.36870564159809
67365,34.23379262490816
67375,18.280465061527966
67377,18.280468013534335
67381,10.217049340419706
67383,26.421692996285874
67388,13.429937633099627
67395,40.96627604562218
67396,8.433732543196676
67403,34.1118000110922
67404,27.062474218531722
67414,11.335817625868245
67416,13.16867548542178
67419,14.025772892793388
67421,24.501079904037763
67423,26.22513258012822
67433,16.13387212107995
67439,23.065445795618796
67442,14.600106338402643
67443,10.29491453034651
67444,17.98337830879448
67445,19.39008506142604
67451,24.14559282878003
67457,11.709523729055707
67458,21.562795817477454
67466,28.45911902601461
67469,19.265825813111523
67471,20.402758674257147
67472,14.217954113463438
67476,19.33304841516865
67485,26.689488216266955
67490,52.209618458766414
67500,15.165494001031409
67505,25.416784445441724
67506,4.4607473467589145
67512,16.491040378176212
67513,26.91892870215357
67517,30.082105335776557
67524,24.556131331264968
67527,22.428490309849398
67528,6.0712284097736955
67533,13.736518020075728
67547,37.25238803202244
67556,23.991116157984646
67557,24.722009725792308
67561,2.6226297700650605
67581,1.183070856279862
67601,13.28251966017908
67606,17.913276437326946
67608,21.86112758535427
67619,24.30996811993432
67621,26.13099377030945
67628,5.43882944206954
67629,11.433137134144594
67639,24.583302830144138
67644,17.46479849679641
67645,14.731566606526474
67650,17.782631410750174
67660,12.336457865086171
67665,37.66983799401088
67667,10.377571437963859
67668,15.752207889374478
67671,27.793449963544138
67672,15.796709734143324
67674,16.672555333719874
67676,27.030949121217947
67682,14.859363543428206
67689,19.01225610851225
67694,16.58442707063519
67701,8.479086770107038
67704,25.541389748217686
67706,13.650610586593068
67710,34.84295862864063
67717,14.78339471134517
67718,3.533251674721342
67722,22.934721153418824
67725,16.008039724690047
67739,9.983778583875967
67755,32.41129528475052
67763,13.365786882527324
67778,19.229360894813087
67784,15.166036272761932
67792,7.8577092525032874
67796,20.466160000142384
67799,8.106593648725486
67800,27.61509501111144
67803,33.164109684054935
67814,33.76235675145533
67821,13.13572525851691
67824,10.315469400759604
67826,11.394764490965542
67828,16.33164430758845
67836,13.378016460918438
67840,23.24052155000044
67850,15.025919303600983
67851,32.417365595881506
67854,13.128504775071274
67857,18.910365343859286
67859,23.515078216517285
67860,35.76317096093196
67862,25.550639238515732
67866,21.007280822352204
67868,12.72215790349538
67874,8.853347011194082
67879,15.137354439498598
67881,8.110578283098356
67884,24.629350766800552
67885,20.850592944692703
67888,9.446606917627342
67895,5.569885840445799
67896,5.569887316448991
67901,12.608706950523732
67909,17.11206810752339
67916,39.70283241212172
67920,20.459961541554012
67926,10.125057581849777
67927,9.603104488903892
67931,18.324014608108055
67933,17.246460904838752
67941,31.689886316980935
67944,33.62600102764935
67945,33.62600250365254
67950,18.41760047672877
67951,18.684866458442766
67952,39.3293522866595
67962,9.006984502517518
67964,13.876987865325987
67965,25.223488713552644
67967,55.830333777357225
67969,2.9236942379048187
67970,22.751014869526845
67971,16.972135237648384
67973,20.57230424081762
67974,23.546238984896693
67975,8.314547182084379
67981,25.788637562933747
68005,42.90133688040339
68008,7.4258132384172555
68012,35.02919994187451
68013,12.735792164131336
68016,11.691476694095648
68017,24.51552475727092
68018,18.96871404408657
68026,6.438711059432329
68033,20.78782094933833
68038,21.535340658971048
68041,19.625786379536127
68047,13.56072451283551
68049,9.271603341411943
68051,6.3228266156971635
68052,23.299765093004442
68067,6.487348672939653
68071,31.928753222105424
68074,31.684503705467723
68082,15.145221222058392
68084,22.68072416388789
68093,23.496767684432537
68096,18.694326057462977
68098,10.540946180903916
68099,30.07646397312489
68101,53.597093049918016
68102,29.294962182898193
68104,16.452253946027245
68106,40.705745122965
68112,25.53487777267659
68114,18.827929283814765
68116,16.454040773934917
68121,32.541939655364146
68125,21.409955818891138
68131,13.431502891866288
68133,11.297372629629301
68142,24.800157910626115
68145,24.708529605390883
68148,30.598757321848144
68154,18.056646900462713
68163,39.376961897431244
68165,15.18655707880163
68170,34.0765888442799
68178,20.270248895407416
68180,7.658253526479278
68190,8.974767085263984
68196,8.97477594128312
68207,5.080037764008473
68210,5.080042192018041
68215,23.832908098349694
68220,16.26769370018086
68226,26.193260095533812
68227,19.215991042057087
68230,9.883874742529649
68235,28.6162944545222
68244,19.99043197898543
68245,15.944156786807813
68256,10.07046798663157
68260,7.927594283078697
68281,41.64566837376414
68285,13.53798729997709
68286,28.24826855391105
68287,34.631283452514694
68288,16.401836951181455
68295,15.779521738179316
68296,14.858535675031877
68299,19.614419619348272
68305,9.164849990080558
68313,28.435858604201794
68315,6.66378968976273
68319,17.763620608722054
68323,13.006191769769849
68325,25.135598494336964
68326,27.7097426247628
68333,15.22682245787907
68337,33.81633228574681
68344,9.309056804881582
68345,8.75135632066992
68346,12.785068976120499
68351,18.651400257306523
68353,13.94086859565066
68357,28.767136558694585
68377,19.303670048110458
68378,23.662877502491956
68379,18.3198244133845
68381,11.555112580884163
68390,29.85188078406301
68391,31.71987073603019
68393,19.52583196806899
68402,27.054650750050573
68408,8.610527026119819
68415,16.37816291451279
68417,20.897838816217007
68422,20.862733423902878
68423,11.154420845480217
68426,10.406558737318878
68429,10.606006430652016
68430,26.69315571007765
68434,22.340687107528897
68437,21.832228716786258
68444,13.00950186227
68454,15.075219367800319
68463,10.967641301314579
68471,14.782912597488473
68472,20.09959519023025
68482,1.8090638155830518
68484,12.706431126216444
68490,3.731957927480643
68498,16.140526899341413
68499,16.140528375344605
68500,14.224333671519847
68501,23.959926315043607
68503,16.07033037763725
68507,10.81861946764608
68510,34.89802329274879
68517,29.32986709021341
68521,16.431303026607917
68530,22.554767485662143
68540,29.981005315035073
68548,25.33668452426146
68560,34.54606876691125
68575,25.645863386365267
68586,19.06770601475961
68587,23.19508492244808
68597,36.34097709079799
68599,16.967482952737488
68606,6.439567141283057
68612,25.450014149294457
68613,13.7089897961949
68618,18.956010122783272
68619,54.876140816910436
68625,31.004320237786697
68626,22.288123673688478
68638,17.806061614518303
68657,33.14960743615653
68658,15.10832481940631
68662,10.673927361974052
68663,23.37507477759809
68671,18.460849748529835
68672,12.962236375196994
68674,27.607213370946955
68675,16.318949901147963
68678,24.57940752830316
68680,19.677509991341683
68685,35.636704424471404
68688,18.680281618990268
68689,18.68028309499346
68690,26.14273403128176
68703,6.62469864818722
68710,27.295010135373833
68711,14.482246035298775
68712,23.83829871837673
68714,9.189882585455962
68717,5.422462854713945
68725,20.34962048732844
68726,8.846908392309743
68729,14.133576009831192
68732,17.91607196979243
68736,16.384238115429294
68739,21.69862271303077
68752,18.848603719643197
68760,1.6194507960085005
68765,6.388794485895843
68768,33.84598046534727
68773,17.84171946688102
68777,5.358197412011968
68790,20.255390916911953
68793,12.75678732240926
68794,22.94243777090394
68799,25.22471970021387
68803,13.615849404106868
68809,17.509022062866993
68810,7.184466355567295
68819,29.127077565716593
68822,16.081233028196575
68831,21.36340339508988
68832,40.672219537100915
68840,21.00871844946015
68858,16.12405207453104
68859,3.2449038866546402
68864,25.15779482627355
68874,25.010068227173353
68877,12.086756253648936
68880,15.675367866769047
68884,25.728559846104876
68889,25.442853727775844
68892,18.927654114736573
68893,12.846001886475698
68895,27.108726042159727
68900,12.983676375609193
68917,24.07430354230659
68919,20.788389857435664
68920,18.44975116974337
68924,13.128933165142833
68927,35.271284062661536
68930,5.732843418050116
68940,11.224565258725889
68951,32.255409486103545
68953,7.181468116358175
68954,7.295355658874534
68957,25.890775901030697
68972,28.494027930134923
68980,25.50064504696326
68981,17.768425084311065
68983,18.628274413914912
68988,4.792888352504981
68991,19.701626092849825
68999,24.250728576138147
69008,4.267757553024914
69014,36.31795301201555
69019,23.76814055925836
69023,19.480840369840468
69034,15.327926339700614
69039,13.132085305718583
69050,26.098994120010342
69068,15.26473827296341
69071,22.569007714128848
69075,8.116417988172508
69081,31.867182750143886
69084,9.413884797385503
69088,21.700546968157514
69093,14.620409928482605
69094,15.025124901805075
69095,27.222282940568636
69100,19.745860447613953
69101,28.954781176559
69103,14.192394387337519
69104,17.022870795451563
69106,20.995955135562543
69112,3.755938236601118
69113,3.7559397126043024
69114,25.628898831617857
69118,42.5607883121844
69139,28.801111217471405
69140,22.390696560547102
69141,21.71883359971743
69149,18.866381243134004
69150,14.722801043918299
69151,11.540445400037395
69153,36.47020973315604
69168,17.641173158167835
69174,24.374709423403164
69182,8.640815773852381
69183,24.97386272751969
69194,3.1568327005344017
69195,18.643926769764224
69201,13.394844535891636
69203,21.609665820771777
69208,8.07311937935129
69215,4.468721299278911
69216,9.76785976123795
69224,13.757781676299043
69228,28.108338762569264
69230,23.027233718957266
69235,16.845420825577246
69237,22.098085320986453
69242,15.017622042711931
69258,33.173676450188125
69261,21.75140323764028
69264,9.755138622882534
69275,14.60580980319077
69280,11.759913612782423
69282,33.61866896459455
69289,35.43561324877669
69293,32.380089299073234
69294,3.5879325941482776
69299,18.93940005356696
69300,14.744763210703223
69312,43.36774356293482
69315,25.897935960930614
69318,24.137124572992196
69320,12.657463216500616
69323,17.17127957263246
69333,21.324143386719545
69335,18.959377769573923
69337,19.721102342752534
69338,8.156196173958193
69342,12.666794752018681
69346,31.22812416616706
69350,33.5208609404435
69352,33.41516367651725
69358,36.255313857559145
69360,27.80791830564969
69362,28.990156036594318
69364,7.693906590568005
69368,20.538098548944067
69371,14.820829861451731
69372,11.46418771577428
69374,14.969656741021065
69376,16.041844378442736
69388,13.700821230200155
69389,9.243366408795797
69391,36.857094611735135
69397,6.488460793306363
69398,11.239596599863674
69399,29.819749352456444
69401,9.27164731780713
69404,19.52090565035458
69409,24.582772936976557
69410,30.02357289555528
69417,29.373842036294523
69419,20.64329714055984
69428,58.16878726723512
69431,16.065686535788306
69432,22.574789076609836
69434,29.033328414804668
69438,34.57949414475334
69440,17.38217974637814
69448,7.86370304549731
69456,33.588848901186424
69458,37.63382435430435
69459,37.63382583030754
69469,24.457905175834778
69484,24.448711968555603
69495,25.312854676192135
69502,22.51186070776301
69505,22.511865135772585
69506,22.511866611775776
69508,14.951919306601614
69511,8.785198937650186
69513,22.10001533223053
69522,22.034911258377203
69528,23.554199652267858
69529,10.089152558085267
69534,42.951154809850536
69535,23.396551830179998
69538,6.93045808269077
69539,54.752062250420664
69542,26.975456672871875
69547,26.55439051345996
69550,16.26965678442477
69551,29.587112611079494
69561,27.37147175013705
69564,25.077768012579224
69572,29.220040936724846
69576,43.26616178712193
69579,16.393602406153978
69582,19.619450470569678
69584,21.586847628105946
69586,33.893589203003955
69589,13.011256317942461
69590,4.232246333192439
69592,46.29721480929928
69596,17.37953837287616
69604,8.450675410714219
69614,15.551013904857275
69616,19.336207061997204
69628,34.79513048507488
69629,11.646116359786923
69630,20.812138244070052
69633,18.650397091629433
69648,21.51917510963094
69659,25.828427366736843
69662,18.530592435678468
69670,17.901750062275784
69673,10.741587865995474
69674,16.170662768299128
69676,16.17066572030551
69697,16.127313101373847
69702,9.88607869233254
69713,36.90151450555072
69720,25.164752584891023
69725,31.782117352150937
69728,24.843045144829222
69735,16.31767401074045
69740,7.572062634238385
69744,25.852366797700103
69751,6.794251432682493
69759,57.41167229242663
69761,17.162563932165003
69765,12.234160497380536
69770,35.12292012981999
69771,36.003826839569
69777,10.384453774681027
69781,22.353376684553385
69783,34.712530858173835
69787,12.891390759420972
69789,53.49356541681148
69795,21.293534629778872
69800,0.0057482746191368506
69804,14.527868476343283
69807,24.19333467060797
69810,24.843823325539436
69811,24.843824801542628
69815,25.193885639852585
69820,25.197471879363153
69822,13.29911367766071
69823,26.112156837097306
69824,17.376602240013828
69825,23.27627820640379
69827,14.311968272140792
69830,9.369367419959168
69831,40.54984148910198
69837,8.952001775525723
69838,8.952003251528915
69844,49.53097281834279
69859,5.7869544171872676
69861,18.883604281047585
69863,18.018206260583842
69865,25.414033679940378
69866,3.0009625126533948
69880,13.95424108513986
69884,14.45579180243664
69891,23.14914166024305
69904,17.465499918258818
69911,11.24035378950061
69912,20.10653728897147
69916,18.097571809397092
69927,8.192567360006151
69928,18.82763589728938
69929,23.83081255783784
69939,23.626173681887682
69950,19.75655280942883
69952,19.756555761435212
69956,13.740094375807303
69958,8.892494631501783
69968,25.265469161226616
69976,31.00631431809762
69977,2.9029556753111407
69979,27.336380517092937
69981,37.31098990592767
69983,25.94081487867246
69996,28.92108492944511
69997,25.399537426668164
70001,35.11065260739743
70005,29.347004169544984
70006,14.461532025603137
70008,11.697500146128242
70019,19.604638261320392
70034,23.991973708503718
70036,11.80639595875595
70038,31.070297073648025
70039,5.982717280314866
70057,15.844315709259813
70058,22.028899524457817
70059,21.0906892049487
70063,6.417758786106511
70065,28.442681770318043
70067,26.809973941462932
70073,8.451367656210756
70074,8.451369132213948
70078,19.08494343545758
70085,38.401115666770195
70088,15.710759400971586
70092,23.814077431844023
70096,31.128006936708832
70103,22.000578786932078
70108,4.54732402589017
70117,22.744702802271963
70132,18.57884496088099
70139,28.466074317872877
70150,30.239450685453523
70152,13.920041076624567
70153,11.012624164373364
70154,30.561829377958677
70156,12.788309843886186
70163,28.305825389892522
70164,16.67623058166524
70170,15.294192134320884
70171,10.705883701498372
70172,10.705885177501557
70178,23.123978281279403
70180,4.587521838391382
70190,32.49443525580348
70191,21.7260067192847
70198,31.49327682765423
70203,16.340311423222023
70206,14.257797830886108
70208,20.40654553033899
70218,32.05023581974457
70228,42.71046975002929
70229,18.44655791960152
70233,20.765526480118044
70236,9.897241911438591
70240,26.81493161517759
70253,20.396905076395132
70258,11.067746509020147
70270,13.174356269774329
70274,21.232980848859963
70285,18.845774083931968
70296,18.79627356425971
70303,33.22873739987526
70308,23.741007538853854
70311,33.344596125542395
70317,20.659891634236725
70320,8.451732228998914
70321,24.340462472766436
70324,17.2594763852394
70337,19.077322521636734
70343,30.680567622717735
70344,29.076125590083077
70346,21.312572845420608
70359,27.57295689276585
70360,10.64747184713513
70361,21.578734353685082
70365,31.589695183819064
70377,18.212943711459513
70382,8.483043934661872
70386,20.37335744215078
70393,41.72471149494041
70399,31.739691994232974
70406,13.203498409710257
70408,21.863943855394
70414,21.68602737867936
70416,23.10895101755489
70417,16.723464161195825
70418,10.10008235676623
70420,33.36329973284984
70421,18.86797937620884
70423,12.279242436091607
70432,23.249193401857188
70435,13.433120026049828
70439,24.934924218538715
70451,12.870035373899654
70469,28.910230797861427
70474,11.241184779297093
70479,31.1817142679015
70485,17.04763483388894
70488,12.559096197092892
70490,17.741682713616814
70500,42.38365119718149
70501,14.77088650747545
70503,11.348021207505575
70537,30.703135267040178
70541,26.933371761182702
70543,28.196881119145505
70552,13.686763552765207
70570,21.893560575853204
70576,34.64867057117833
70589,13.948832662347574
70592,24.332182975439014
70595,14.38549437754553
70596,8.49650247068167
70601,10.836385509779923
70604,17.48561599340135
70608,24.180536537276016
70609,24.180538013279207
70620,23.739755546095584
70621,21.667541034723005
70631,18.72576938515029
70633,30.359285842137094
70635,8.584636249914738
70636,25.426059329381093
70638,26.46015448815496
70641,33.96754521764555
70643,35.86823436831229
70644,20.70579306591836
70645,40.370109859581305
70646,9.7695251097538
70651,23.65261066302619
70661,13.415303270437484
70665,33.00871576024272
70670,14.681850472062902
70671,24.39565873647202
70675,21.280245966513842
70680,20.59866109567665
70684,19.337783433405097
70691,29.81195665558788
70694,16.43558368499406
70695,16.435585160997253
70700,30.251262978183416
70703,16.113183185509843
70707,21.06135311316088
70715,18.178874986270305
70716,20.483342651157596
70718,15.488518321703982
70719,11.273011695004143
70724,30.04592408903505
70725,17.77032837857595
70734,6.138288021831578
70737,16.612611122104934
70738,28.27924624952546
70742,13.476586330177916
70743,19.178342366373617
70752,8.122890241619253
70753,8.632614640230052
70754,23.80845659670354
70755,11.54210129044909
70757,10.609442566080453
70759,12.479852633876465
70766,21.71289662403039
70772,18.47434133400937
70782,4.405481632883088
70789,21.329958610825937
70804,27.07134923038426
70816,56.05322066945794
70824,22.230474231583717
70829,36.553220755453154
70836,23.929650961945345
70839,14.311939378714573
70840,19.997306631766296
70847,6.770957220795033
70860,32.87253791778559
70866,24.381223287395276
70869,26.935215083108137
70873,26.706192328887088
70876,26.19717150398972
70879,29.330648667235263
70880,21.139269677384977
70883,33.33396937493603
70884,8.940781546001062
70902,21.5276788421796
70908,21.305428125689307
70925,11.265057314308713
70928,15.936976016942321
70936,-1.468466825201375
70937,0.9167995668933671
70940,35.514241467140124
70946,20.6237150953167
70947,16.628450365528604
70948,11.944721224177137
70951,43.53746327516684
70955,29.930473376837543
70957,33.74321398968404
70967,13.64351124498301
70968,13.643512720986202
70970,6.443056412826365
70981,17.809519889994608
70993,8.373517971759014
70995,16.82092450140563
71002,29.539621009745634
71004,32.08201140201106
71017,29.103689151240605
71020,28.76095560527735
71022,14.146211451862943
71024,17.225614408283516
71033,20.011290905262246
71038,11.52854821224268
71054,11.547454352361985
71064,26.180624002785944
71068,18.814805439875325
71070,37.524824537819754
71072,11.985316618720198
71077,20.3329831587081
71080,50.84747046068044
71088,17.518708694574027
71090,19.34222850671144
71105,12.745140495694052
71106,12.745141971697244
71108,12.745144923703627
71112,12.456443171553566
71114,12.45644612355995
71116,19.189543742517788
71120,11.15758120277577
71122,19.069767666687216
71125,26.052938322294327
71126,13.902206157193426
71128,14.23062918197341
71131,28.319894297584792
71133,33.531799150636715
71134,35.15113968249261
71140,29.53777085393742
71150,22.279610626113442
71156,20.83387473476321
71160,10.419634852405103
71164,24.136003458871787
71165,7.81601308100381
71173,15.34496811731805
71184,21.954440653529776
71188,17.7003318007156
71189,20.80862506376892
71194,34.15837986964672
71205,9.40994475165359
71207,22.70607637889967
71209,18.158979243102284
71216,21.513642584359875
71218,17.610344282574115
71225,6.016165057740444
71233,14.936537902621655
71234,34.8489867514091
71241,21.32709802827601
71244,19.781329679082898
71248,19.03252877704617
71249,22.91806476451786
71267,16.709511366690418
71271,18.469191955278337
71276,19.620724807939066
71280,8.134955790315075
71283,11.70149848262134
71285,4.86024829162006
71314,26.770660088472884
71317,14.848337594946482
71320,33.790013777503304
71326,23.344851584647255
71328,19.74577701104619
71347,16.630392501248753
71350,29.715699979571813
71351,13.089179700804479
71353,29.045636347477615
71355,39.926153311350745
71360,20.353485833206964
71362,8.614887139545772
71372,39.045310732508526
71391,19.07197691028387
71402,13.015867134385708
71406,4.3179919045660355
71412,12.204011915240976
71420,24.32781137366293
71421,6.581553086600913
71428,21.168399328865025
71436,31.483174367286455
71439,32.22503168507285
71447,26.726071833257617
71449,11.82894887034238
71452,21.981276598594153
71453,12.880206497992724
71462,30.054131414024813
71465,33.40292397044958
71471,18.67313475082783
71481,21.96426990309894
71485,18.539827589077365
71488,24.12308337832759
71491,25.818122819974096
71495,21.508462648486184
71496,21.508464124489375
71499,28.958320632210803
71511,23.297669963715695
71514,19.328052563450473
71515,4.14748414349144
71516,21.960312690636943
71517,13.021364074653807
71523,10.991702297687915
71542,15.28322403678354
71552,21.073652468190854
71554,19.85906265069566
71558,32.30737408175011
71562,24.06101491465031
71565,14.3378903955951
71569,19.32186238242465
71571,12.776521995948038
71578,18.60334368504518
71586,22.565757886146397
71588,27.4876408227582
71601,35.352200633257695
71602,12.119822693430415
71604,32.27034151652255
71608,29.965050822850518
71613,32.70403453775634
71616,36.751160127365665
71619,18.53147193210715
71632,19.800884033102893
71639,21.511098437475997
71646,14.848823199996286
71652,4.6246324767613345
71657,11.865228546320552
71663,16.001271328655708
71669,33.14504678348209
71672,29.488174854302084
71676,25.461266858197764
71684,42.961809684369555
71689,28.98082682498259
71690,28.980828300985774
71691,22.475831178205983
71693,19.60968415509487
71694,11.750159420203339
71697,17.99329202236834
71708,14.58689360438223
71718,21.288857385824844
71727,8.066126684229538
71731,9.492782603842375
71733,9.492785555848759
71736,15.14448724931427
71748,14.152829034354244
71750,19.477843024243054
71755,30.515346939359187
71758,24.953684056056193
71764,12.92985291356673
71774,16.486236756339853
71777,6.929512248078446
71784,17.307956617896668
71786,12.539113287384076
71791,19.288085758549766
71792,19.288087234552957
71812,12.430896164469438
71815,17.910443011084784
71817,11.309728403051913
71819,28.779963727320887
71830,16.770165539492442
71831,26.680871398792465
71837,12.014696424847084
71843,16.868989775342772
71845,28.801701134542096
71849,31.70095565213062
71853,29.231235910011694
71866,14.027294925012104
71868,21.233700926096407
71870,35.35877464670068
71880,28.64705461051535
71901,29.634737339473045
71909,20.271760644970232
71910,23.45018878771514
71912,21.27660789842327
71918,19.62289841402364
71933,26.373127999978852
71954,16.74841996177749
71961,4.724575057273714
71975,21.583563283995577
71977,20.066992054924558
71981,24.836543633604865
71984,15.302563452963657
71985,28.321334842619425
71995,12.836413989561574
71997,23.268894311950216
71998,46.93504500691114
72001,17.505691524658634
72002,6.6448160508030085
72006,15.43517314065696
72007,10.883199099520574
72018,25.161968872328462
72021,28.140955958526487
72023,9.925066298507492
72025,38.595047929999154
72027,34.32960206908413
72033,21.998655818686235
72036,34.761609095193904
72039,44.869134344589284
72044,35.898897148089276
72052,14.570089821382734
72058,24.334346796116893
72059,31.15884852017621
72065,12.894296362087282
72067,12.091464703827945
72068,11.54099445880204
72082,15.332425197426506
72089,31.648889615008788
72091,2.800835798355486
72110,16.675459493967
72113,14.224804244272452
72114,34.60841456117541
72121,10.922957126227502
72135,39.32915248016158
72139,41.90531338865162
72141,24.664862344783554
72146,15.276449419201608
72150,11.24365856064506
72154,28.30834302203623
72158,9.116613402900661
72159,23.6166833090255
72162,24.403841626331793
72176,14.073266222084246
72179,17.266972396892253
72185,24.749041724486286
72192,20.6545420333934
72196,6.446214912856782
72207,31.391007699157587
72216,8.930339794899417
72220,22.795411656633018
72225,9.060046481349154
72230,9.558331550893008
72250,16.346093716162446
72272,7.947012137166901
72282,5.3000124858099795
72283,20.16230323351729
72293,20.176335094870797
72294,28.552085752020947
72295,20.49487102732782
72301,13.968317460252639
72307,21.967444297064855
72311,49.67808976939561
72312,2.480772041463645
72315,27.775862213672557
72322,30.157434179635207
72351,17.82380354314807
72356,31.498331416800934
72363,12.90665532751678
72365,25.332534545857893
72386,23.972533162581353
72389,7.553309697010562
72393,13.686614903566955
72407,15.217874157531721
72411,13.940129944559423
72415,12.930053514896656
72419,25.207320517329155
72423,22.983029004144893
72429,15.85072131177574
72437,15.104073439626536
72439,26.335331086409003
72445,30.60080065395888
72448,37.954665933339086
72457,25.651260126682768
72461,31.770032934901256
72463,18.142529010468852
72465,19.794841362852555
72466,7.4323932606423355
72467,4.906699166571549
72468,24.54808710176736
72469,34.22675264015207
72470,22.739992803651706
72471,33.39759539419363
72473,14.655372691188393
72477,20.328309930727844
72483,8.407574387235506
72484,14.811310656124693
72485,12.585542720277576
72492,15.782586272639325
72498,18.250438916124498
72504,14.180537295125578
72505,13.847281063707626
72506,12.674707178907646
72516,14.363768615397436
72517,5.65088812043377
72518,16.201091684817516
72547,45.702517318117756
72550,13.216994778578346
72552,33.512568017528
72559,10.379736049896248
72565,15.873544728086646
72579,4.11908407615369
72580,21.69049955230243
72581,21.690501028305622
72585,16.589175561205483
72587,39.28208080482557
72592,13.036912939139391
72601,30.96770888022959
72605,13.414082869508341
72614,24.758326744092262
72619,41.862749708203836
72621,15.746702810977201
72630,31.808548373479614
72636,14.890176086503775
72640,27.386057965747344
72641,27.36811354574201
72648,12.346206994621035
72652,11.725381834743025
72656,25.263028297466168
72662,29.91866615971008
72669,17.23189132870861
72673,11.982751093002669
72674,22.33873968538182
72684,24.960962573871473
72689,18.704207544310695
72696,12.58744774920483
72699,28.52772885965145
72700,43.603233087266474
72703,33.75760928398772
72709,18.64500570677306
72718,38.68208907162702
72722,12.916790606373908
72726,13.215759781123943
72733,4.948834019119282
72738,17.137014765622798
72739,18.730348317629694
72743,13.689085833606097
72755,9.486910307282635
72768,11.3492523383484
72775,43.57379740213017
72778,7.665040189151085
72786,14.378747375410686
72792,32.28763918051804
72795,21.1968022199076
72797,35.00421145466147
72801,11.460471812554296
72812,6.0805593923318
72818,24.777256459560224
72828,9.79024531255704
72834,34.04601519662191
72841,5.069500892840487
72844,24.287873416088477
72850,21.46617347242456
72855,25.200821114979338
72859,7.150030322339909
72866,5.741530149259141
72868,25.567367530016543
72870,28.316476828593235
72871,35.863501340717676
72877,28.313494423436044
72881,5.676280112343839
72887,9.534860183476482
72888,9.534861659479674
72894,26.599269756703
72896,14.038127707102728
72897,24.864890803827766
72899,11.664695416053107
72904,20.763790488633664
72909,33.501804037625476
72910,35.1530069690032
72913,8.506254411448147
72914,16.21462202456522
72921,24.134749662757212
72924,16.61677658223738
72926,6.113623631378815
72927,5.963369342309171
72935,18.294093053965828
72936,26.01786719031323
72939,19.595221729103233
72941,30.23954114696642
72946,34.800083384166086
72952,16.832558450946653
72953,11.331128987284337
72954,11.33113046328753
72962,22.73958280507185
72967,24.78917175995421
72968,9.17802362025547
72971,18.615423225001184
72973,52.55119681945936
72976,36.59888916428545
72982,5.310105675918969
72984,18.119524149110593
72989,43.21539974727436
73004,14.323272455853473
73013,13.03509599721368
73023,21.8740850568236
73026,29.29987811267249
73027,13.776918218186228
73030,31.534857380938266
73032,13.247217459155031
73034,25.587302557065993
73036,18.109127044332507
73042,6.707425639622137
73046,8.132205168696146
73050,18.53809255487798
73055,27.24450216888312
73061,14.816105203931333
73065,6.980166759811723
73070,20.346381006337186
73076,25.12966054016562
73079,22.84486230362734
73080,15.131478290637904
73093,47.08975833510959
73096,17.423188495267542
73102,23.755496026425693
73105,38.236978238827476
73109,13.226148981421801
73112,18.353177258134377
73114,30.988550199557576
73116,18.015068906847123
73117,28.717910722591125
73120,17.429700287505245
73127,13.790605616787253
73131,21.388089172194757
73132,18.130989580897104
73133,19.290066554831963
73134,7.933155765444859
73135,28.114105507036147
73136,25.79548492275806
73139,34.66982145739617
73141,11.900784112997258
73144,24.31963231497185
73150,22.303111307830253
73151,28.080919362024833
73156,22.966596159448972
73159,9.06915683812609
73163,23.72562544084177
73166,22.481215086867184
73176,28.898550141266075
73179,9.26087841983226
73186,11.88236514786292
73190,26.816979912321496
73193,10.609965934294042
73195,24.139001221352533
73198,39.84998074893471
73199,11.347426943195394
73201,27.14205644829023
73202,34.43950426966313
73204,9.25126345907055
73206,18.952960288607745
73210,14.753257756289035
73220,28.872508280341936
73222,3.4691941033088725
73230,15.97955887716672
73233,26.38764935237859
73239,18.294805447272783
73241,18.95853429496977
73242,18.920765995779693
73245,22.116600802103893
73258,11.699418027194575
73259,24.262552094250427
73260,14.704829613776031
73262,10.393034791809349
73263,43.59162249775298
73271,14.212161814724613
73279,48.50068146607934
73286,14.701512809812169
73287,9.529023439586446
73299,24.917728687686722
73300,20.32926617708507
73303,9.315179235654632
73304,12.077347891091598
73307,7.557769862137292
73310,15.039892965623626
73328,22.949531249735006
73335,4.12036059663323
73337,12.703773836085322
73348,14.238052633140232
73351,20.314786147430613
73352,11.034944167397509
73356,24.025089489566174
73364,20.933600968676632
73369,32.38021963827332
73371,4.469404105473608
73372,35.32894339276329
73374,9.456824245999591
73376,12.603777384599432
73378,14.333320300404214
73384,11.25408941469177
73386,25.086134065724732
73388,16.27839095651105
73389,12.101733319190352
73396,15.155500829148924
73400,11.258779557355659
73404,24.470422103332584
73405,28.645990911672502
73409,5.854930752437394
73410,27.538345461028346
73418,12.709770456641351
73426,4.474936748715834
73430,32.02236481207514
73443,19.54398439527748
73444,23.81013436575545
73450,7.935531491280564
73467,8.093561968017259
73468,5.708298527928896
73469,18.00579054497145
73470,14.245216369340621
73481,14.719091157448528
73487,40.3114528265133
73492,33.081975600695344
73496,15.132110251400551
73501,9.658896431919707
73503,10.162676601720346
73505,19.531512062212105
73508,19.257602647997178
73513,12.833323503317558
73522,11.331968833099971
73525,15.52835243314355
73538,24.0586829542428
73540,15.670889974251896
73548,6.10790571294978
73549,22.799929551139332
73557,31.76074490645613
73562,17.60056742057687
73570,32.12344850697086
73573,24.33658294095112
73575,17.819420046964634
73578,30.522629955234574
73583,23.336935674689048
73584,23.33693715069224
73586,23.336940102698623
73598,8.861795653458849
73599,8.86179712946204
73600,6.747461503874128
73602,21.18963731247256
73614,17.645756651437072
73615,19.179515319442803
73616,10.724119699164671
73618,27.142910409983617
73624,24.819376367099384
73625,22.75122699977125
73641,22.608217528553123
73644,17.53610545677847
73652,16.06724085859445
73655,22.314259349508436
73658,28.74115941215982
73659,23.278223505673456
73666,23.25317878716034
73677,13.931122281540517
73683,14.95824605041675
73694,19.7319414691564
73704,26.243995342759906
73707,10.452608768415963
73718,4.321404423943427
73721,6.26083867433649
73735,12.617317953139512
73746,34.398919479553385
73767,25.89624872018526
73772,13.783926170755667
73783,9.718191669332306
73788,13.5478050420657
73793,7.522089390832718
73794,5.660959072612421
73795,11.411311150455823
73798,17.833178382161737
73799,10.532378249844694
73800,7.684866745978738
73806,19.00034754968488
73819,11.089950510156651
73822,20.78098450304312
73825,28.42118544240424
73830,10.838051001570854
73833,25.104532769686788
73838,22.47308613083168
73841,14.353207111598817
73846,11.745372356295071
73851,5.008095809641411
73856,10.423742941797354
73869,31.8180972233304
73871,33.647556804676015
73877,24.832876004023472
73878,26.206106080419982
73891,21.424003974811132
73892,16.677277022864846
73899,8.729482905062916
73903,39.24584080049344
73912,13.875300937332334
73916,13.50545323657468
73917,27.923870121269108
73920,27.692908754884815
73925,17.74089260693241
73931,38.78732200901153
73935,17.700290441610168
73941,12.647112499403782
73946,21.548960323715878
73948,13.662177846546939
73950,21.6107154636307
73962,27.960922152840357
73969,9.796899397548948
73975,42.725442760140794
73978,11.249362662876216
73980,47.334461211363944
73985,12.536484988058533
73992,18.32063250288306
73996,32.24821904656413
73998,9.357140361438393
74003,39.57619773938363
74004,9.87457639028522
74006,28.574850286521514
74013,25.826074000510136
74023,20.81176972396239
74025,13.493474199631958
74027,10.112109766867494
74028,21.1365473043515
74033,21.63843780649216
74040,20.132358445983005
74049,24.556838905256942
74050,24.556840381260134
74055,6.98162800297073
74074,38.71351219147144
74080,31.469139382575317
74081,8.025039617787009
74089,33.85383427832609
74103,28.091482439155268
74104,9.056672245100081
74115,19.238714327033893
74118,19.429010515317078
74126,24.455211075477745
74130,20.26258436233501
74131,36.046889258078906
74134,37.95326849342962
74136,23.682848924279444
74137,23.682850400282636
74139,29.12803720723902
74141,8.834293517499198
74144,17.928505150328395
74145,19.98813723163723
74149,5.311828171642766
74151,5.4746612635773815
74152,13.821013851852292
74162,11.839972244538718
74170,13.697665979181792
74171,8.493189988025541
74173,31.79334271869511
74174,14.376442954428885
74187,23.462168567356894
74188,23.462170043360086
74189,27.150021709296343
74192,11.612255925871047
74193,11.745149144794848
74204,27.28868693256759
74206,15.816875947454765
74218,14.372796160755545
74228,38.04789773414694
74230,16.14646024642028
74235,23.86048667431694
74239,16.844340353825228
74240,17.404219675512866
74244,1.11574539905925
74245,1.1157468750624417
74247,23.073742754724154
74248,24.275820860887595
74255,30.271110691137654
74261,20.914909923869434
74262,18.699907420511234
74272,16.647865219573493
74276,23.19382504413439
74279,19.15078450536493
74291,9.614677380921488
74293,43.42894896658676
74294,30.53286003835949
74313,27.078360895697468
74317,24.3890544516179
74324,20.029254432189564
74327,25.530435898684292
74329,11.928237428152705
74334,31.54384370643275
74337,16.392742111771074
74341,10.55552084015492
74359,22.290277058945872
74377,40.264113166858834
74379,13.953351152059032
74380,23.278511754896105
74383,40.16037504022415
74386,3.5430936639983344
74387,3.543095140001526
74389,46.87063397506256
74390,17.86926461911833
74406,35.22425396233284
74410,20.31535698327035
74418,18.557450300546666
74427,24.904378399580498
74432,20.684881156321257
74435,29.61075050945183
74437,12.851679189060384
74442,18.96408621938352
74446,19.657028788226445
74449,4.759099147327738
74456,29.641426964994647
74459,12.290823690829804
74466,13.278252703608679
74474,12.334110498998363
74483,9.383502979612505
74487,30.11527389617041
74489,32.34772307973064
74491,14.90891501023891
74492,6.966070574560199
74498,10.95839375111089
74499,12.461992994952752
74500,12.461994470955943
74501,10.958398179120465
74511,10.646273127226074
74518,30.92442608791573
74519,30.924427563918922
74555,6.550935161471607
74570,32.72417853121577
74579,19.742023936915732
74581,21.31871504730319
74584,16.175935021775526
74585,11.49695823537522
74593,15.089550074342075
74597,24.14427132571831
74599,30.242485990101482
74603,28.732503731767732
74617,35.73468783683255
74648,25.591359412933844
74652,14.132859755654852
74655,18.283239129766105
74656,12.486663546246852
74658,15.602254219260931
74661,19.281790895924235
74665,7.82113783081018
74673,45.49830342207281
74674,35.03825322251488
74675,28.950412457371254
74678,7.777070462582124
74679,11.237667976285838
74682,12.500280032816718
74684,42.88327355438861
74696,28.92052219604383
74703,7.869249809810746
74709,18.789046295234588
74712,38.69271565134889
74723,26.585797077817464
74724,38.635401426120566
74726,22.57313625026322
74736,6.876309311674611
74742,19.26557514736003
74746,28.056241344083322
74747,12.10104401661934
74748,39.97708581149389
74749,14.836193491041147
74752,9.300037599619984
74754,26.590239905780013
74757,26.015570781388835
74759,12.110640760111373
74768,5.4158074716378835
74769,10.86243319052316
74778,26.40491258275024
74782,13.776193682350538
74795,26.811109838159286
74800,13.610324052664101
74801,13.610325528667286
74815,40.72564856257425
74817,11.256204527264345
74826,17.19268262279657
74843,38.21088763510053
74848,10.451502749347021
74850,21.835503472670442
74859,33.594131241996436
74861,22.99195691259067
74864,34.16979613397352
74866,28.07475019651537
74869,6.2152804374983575
74871,23.966430886147226
74875,11.12270903076233
74876,7.921428956944148
74880,13.38093749134552
74881,11.678382349118017
74891,51.958751369790534
74897,23.891993054244676
74898,13.653463323009511
74912,25.683958517894045
74914,27.898000838193088
74916,14.2925822044694
74917,14.292583680472593
74925,23.037546963908984
74926,11.412964564813056
74929,21.212872985919542
74930,24.443507306737278
74931,37.667664290823026
74935,16.033449665795278
74938,28.06716851542348
74948,12.773509135608798
74953,8.976712828703391
74958,11.50572108924916
74961,20.272382221572943
74963,9.904218978522024
74970,10.771276037544574
74972,13.462372045019585
74975,5.818006518917464
74983,9.824910560366813
74994,17.14300326748206
74997,23.807781689153924
74998,28.45522585915744
75001,29.258563841573913
75004,14.692748002210894
75008,27.66378493150133
75019,27.193368490816642
75023,37.44251092653552
75025,9.352476453028764
75027,43.41491307018657
75029,10.475212181672386
75030,21.940760637613703
75038,21.67428773305473
75042,7.5979267034440205
75043,13.547962129541268
75046,8.48992801354428
75050,12.291696008715626
75054,25.877624200716223
75055,25.877625676719415
75061,4.507407257492694
75064,28.19436988089871
75065,9.001707838727171
75076,14.02942433661234
75077,28.003087802042447
75094,29.553539991354267
75099,7.811133340709908
75101,53.367207568313475
75112,26.755387819457415
75114,26.75539077146379
75115,26.755392247466983
75117,26.755395199473366
75143,6.443122455042229
75145,19.334778261770754
75147,24.959358585927514
75157,21.779617882508827
75158,35.86778544722806
75159,14.845239171605275
75175,11.870421125546173
75181,26.88673144405961
75191,15.229624131740263
75192,18.758387261851798
75195,21.326569390698186
75198,26.934618182946405
75200,22.33292783631966
75202,21.42456911082329
75219,6.053063057208419
75226,17.069786579347582
75228,22.005442023357507
75230,11.5909120021938
75231,37.109913733358624
75242,17.694020057702506
75243,10.388753638138205
75252,4.764364455125353
75253,14.948887864808075
75254,14.948889340811267
75260,27.654986719089255
75263,38.781417955000165
75264,35.22552037307064
75278,22.663882985465097
75279,27.863806935268986
75283,9.226643339010899
75284,12.586078312684556
75291,21.79456504490665
75294,19.931748358146162
75295,16.86285720795738
75299,22.812448516450683
75308,10.335237265941824
75314,21.65904551112833
75319,28.998948587602573
75324,13.924821851570297
75325,11.713053907184424
75327,3.9945901498645497
75329,5.514343131476622
75340,17.476546375461492
75351,6.248973917416912
75358,10.119211272462032
75362,23.350476486331115
75365,-1.699340835565124
75369,33.09646055742206
75370,31.15340791739003
75382,20.506838798359116
75393,5.974388842959264
75402,18.431009563995065
75404,13.220643092104062
75407,13.901050485546811
75409,13.901053437553195
75417,15.971478477599153
75437,16.158274396213105
75444,26.73887662329292
75448,6.310698072836736
75460,17.31638814126561
75470,12.266231405760902
75473,8.052789243907217
75474,16.388281096048846
75475,4.890791460713807
75482,21.832233561455983
75483,8.936658468612698
75495,16.22074685278729
75497,10.156176532359968
75498,18.967652404018896
75518,17.051644571692467
75528,22.967287168714574
75532,41.63523223626815
75533,19.134203289123075
75540,28.181427300564128
75543,7.118119457589252
75546,31.220543056776524
75550,30.79590970160147
75557,34.123835341110876
75564,16.97751180294613
75572,16.684494175269013
75574,6.514621287117244
75581,10.83672911349207
75583,23.296419248339863
75584,14.21391971356164
75592,25.248526599121572
75597,1.223428246623591
75601,22.175112232612296
75610,38.13269267015254
75611,23.47759781175488
75630,2.756924766998999
75632,30.897451807742886
75633,30.790100789455966
75634,31.001604131535533
75635,18.70545364551926
75637,9.42830455713532
75640,3.062017419033417
75642,5.008330542483126
75645,30.71604820774522
75649,12.359645070386392
75654,18.442856191651746
75657,18.44286061966132
75658,18.442862095664513
75663,12.63348377879813
75668,31.152995843475697
75672,27.104345331812784
75685,35.14316475595906
75686,26.385597983358227
75696,19.943063318678565
75697,11.786734225533571
75698,18.755688878002044
75705,31.817991069211015
75708,12.439479357030791
75712,27.632891598058666
75714,21.63281579030642
75716,9.45816107060579
75718,6.273345123404063
75720,42.86565710715425
75723,15.48460564007382
75740,16.222533737360695
75754,8.253550719099778
75759,37.50383678441469
75762,13.2069709087394
75767,16.242725109923004
75775,1.7919447265612831
75784,31.351861206727623
75789,22.987838306416936
75792,15.88695332538838
75795,24.582526761606434
75796,36.56286743289402
75798,19.182737434408555
75805,8.427932073878921
75813,33.470266015927166
75814,10.899920793017309
75817,40.21589850409781
75819,35.12905021819836
75821,27.25707272464101
75832,4.572412479830298
75834,7.553798616488656
75836,17.90512553046035
75839,38.11668531156313
75843,18.377234512874427
75849,12.678692477877739
75860,14.167313467544691
75865,15.462507519154233
75868,11.115890102727683
75872,25.081761726531116
75888,6.289834046498761
75892,15.893728848538853
75901,13.497485145507191
75906,17.712920636808963
75907,19.43323785854636
75912,26.875755499626234
75924,15.159232165215546
75929,2.159530837320638
75932,14.245198304344822
75933,5.97912538080147
75937,14.360023897132212
75950,12.980828744312518
75968,33.80659115096728
75990,7.63185725924566
75992,18.73151699518792
75994,7.422878196597139
75997,6.827409941057702
75998,23.057130139724524
76000,13.878948929468596
76009,36.28427237607052
76015,27.649510092695355
76017,5.080341817950021
76032,27.31514991958696
76033,29.816201311927916
76037,34.363518426091545
76045,25.44867296932743
76049,24.026965807138406
76052,18.97372112152758
76055,18.976891246367988
76060,8.950684716785812
76070,23.43309066159556
76075,25.83561006587441
76079,10.762664482939343
76082,20.386541565632886
76085,24.066634321675654
76088,4.891696250669831
76091,25.026943363489483
76094,37.48262601477887
76096,6.290925687667233
76100,14.804749970436578
76107,7.599703907998531
76116,23.64390437562709
76117,28.33575599209416
76118,23.17117808510719
76125,11.555965508515037
76126,25.52541335832424
76128,34.254645130605766
76136,12.73436149787782
76138,7.49853537496557
76140,13.734286721881471
76141,24.68313802651227
76152,12.567754741662533
76155,14.730212313020832
76166,3.495576325331399
76181,29.108811735197914
76182,29.938188445516435
76186,13.733711071502384
76192,50.63961220420977
76196,34.18982900279907
76205,23.62375663760047
76206,29.451115126882176
76215,5.966940657301649
76218,22.725587873909962
76224,32.38340150801423
76227,17.983770123200276
76228,33.74889868344586
76238,13.549725953354404
76240,9.468372733895531
76250,21.539601280162646
76253,8.458727495572994
76260,6.7046046005818525
76283,12.315458935233938
76288,9.594507204857862
76294,15.411690742254425
76307,9.914469136596441
76310,23.89165343127839
76311,28.467611191545156
76318,34.63950350776889
76319,20.863173870798494
76329,22.007067102870696
76332,22.40231606752356
76336,13.572959103284969
76338,15.672073322257585
76341,35.78326464448433
76342,16.619912938696718
76345,13.724431740275996
76350,9.860387141180421
76361,5.205769238085814
76363,44.59802865401487
76365,9.314919486328748
76371,18.891347280795582
76379,28.61394264469614
76380,20.715799247428823
76388,11.114150417986238
76393,28.39431499386669
76394,15.862649560754125
76395,20.55401413602195
76396,19.537644421605837
76407,32.342699880755916
76408,28.656249059686036
76409,33.178653361782395
76421,33.827464798897964
76424,30.083348665679207
76427,37.30726724056075
76439,23.98498212697074
76441,15.561090578641615
76451,8.726271964948069
76461,25.1575807762521
76464,16.02920625044415
76465,49.81832638318119
76471,10.39418250672933
76478,19.96199371141078
76479,15.843822078123193
76484,8.316355191687734
76492,31.56773884032373
76502,19.94675068207096
76506,19.9837799567705
76511,17.803020347847923
76514,26.890490909195425
76516,12.978355445930553
76522,6.445157863442496
76526,7.713283764632003
76528,20.99297164909321
76530,22.05056883530789
76536,10.402676908716924
76538,16.062925714279746
76560,20.649377004010265
76563,11.632738184428487
76568,26.71076113945365
76573,18.362133343059757
76591,16.66160333836744
76593,40.77325553143132
76594,46.327740611985845
76605,37.00279137959191
76614,20.61757788707737
76620,19.44711028550663
76622,11.146767795021582
76623,26.566778683965172
76624,25.759145275367867
76634,16.498872156079944
76642,10.991200141946543
76643,40.880880249869605
76651,12.352516055030684
76654,10.685723579475805
76657,13.012152272920758
76666,5.658834332966045
76670,15.70783110840907
76674,5.531020485064097
76676,13.420291285614276
76683,47.17288677484909
76685,22.969268219642846
76687,12.12930657278627
76691,28.78269542708851
76699,15.145503879343881
76701,15.145506831350264
76706,8.460760294977952
76713,19.03220469187392
76722,24.843541364732975
76734,24.08463271807746
76739,30.88418792468074
76740,9.770166020835862
76743,13.795942844325587
76752,21.72947724432797
76754,22.238513199980236
76759,30.2448815997576
76761,19.900525427317877
76773,18.02361976003294
76784,22.544276152120393
76786,18.978016082476767
76788,16.69071862882122
76793,18.770153844599438
76806,18.177247652434364
76807,14.697748708117562
76810,16.646546818980465
76812,13.292549348815008
76814,35.32771089032384
76822,22.85873801335062
76836,29.505045643718137
76837,18.460372766106705
76847,28.974799504267228
76849,28.97480245627361
76850,28.974803932276803
76851,28.974805408279995
76852,28.974806884283186
76859,9.565813924952025
76862,27.363807695904907
76865,15.949537339920557
76880,28.750010374600553
76881,38.234401679994605
76887,13.727854631507228
76888,29.270518561616772
76892,28.572671373309387
76894,1.5235104285582146
76895,7.240191678657027
76909,9.469360180030247
76921,16.189322234649634
76927,2.739574929359314
76930,8.012488167630856
76935,10.719490521328833
76938,10.300397404981759
76941,17.08824731433913
76946,13.384051316222713
76950,18.834851806024727
76952,22.137675316815137
76955,32.9394220985357
76957,26.654740994060564
76960,0.618990852674628
76968,10.813725332614425
76969,13.118856293270248
76970,24.913837996317145
76973,14.126348697982795
76975,9.938712165164397
76986,4.417844822138001
76988,3.7675632377327233
76992,10.72712541588719
76993,24.429805292031357
76998,14.618947492216439
77000,9.588459932564739
77003,18.892135447664078
77008,24.2036753193394
77009,34.1947422657791
77019,38.70444832585285
77037,25.11524086852786
77043,15.72684942754714
77046,11.069164161720089
77049,26.34953909792937
77058,11.79171610795299
77074,16.949822529197686
77088,12.509373420856342
77091,20.85141268755847
77097,10.733410780486206
77102,28.894432815976106
77103,29.943613234148923
77113,30.637300223044267
77117,24.88842808659715
77119,6.453481276565633
77120,6.383939173002069
77147,11.09055785394689
77150,11.713593059488272
77157,37.06532000155957
77162,22.867894003112514
77166,20.49327150604204
77168,0.016623466129765063
77170,12.782601290546154
77173,22.45895804175669
77176,7.42500747629429
77177,10.52808313341404
77182,25.315766938250224
77192,30.09906594267255
77201,22.509723979299206
77203,16.57786244950999
77213,18.982136297133277
77228,15.95034680016995
77229,9.124098215081766
77237,10.680623109788744
77238,10.680624585791936
77239,22.088532919074527
77241,16.09575803221612
77245,15.524792689812603
77251,10.623646354530845
77265,31.172923089866753
77266,20.773268631726882
77267,31.258596864454685
77272,34.027499058762686
77281,26.944679215568247
77282,10.992203973439423
77287,24.301973981790628
77289,22.26061970838879
77296,23.246361607236597
77297,13.521668309429245
77301,11.566097148235915
77302,12.670135343800034
77308,12.667697668492181
77315,21.198125977272017
77316,21.19812745327521
77319,27.966045709281072
77321,16.600327622173413
77322,50.81924877828166
77324,30.851797881271583
77330,29.827097956349878
77331,4.404835334057488
77332,4.404836810060679
77334,4.404839762067063
77336,1.660163823034921
77338,25.16741340837618
77340,28.261632286801547
77342,21.28039453248741
77343,2.990985553188935
77345,14.030254269430603
77346,16.44041886445267
77347,30.290982672249402
77354,23.88805929453036
77361,24.664730387889744
77372,12.020574119778395
77374,11.588385561502822
77379,6.391178454396091
77380,6.668237096889229
77382,20.51120100954139
77383,30.389273409785506
77397,14.442553908879663
77399,18.196450390047804
77402,4.650669740209558
77407,38.55573655497362
77408,39.34684241373168
77410,21.166499964289333
77411,21.211736494893447
77423,23.239990344110478
77426,5.97777510082005
77437,11.430909140726648
77441,10.857662662305579
77442,18.18194853804403
77448,26.765454807385826
77460,12.256999425954156
77463,13.085286586531971
77467,20.514796208855184
77470,7.711021303719747
77471,7.7110227797229385
77477,11.746619883487817
77479,29.875063341103345
77486,21.93273747575468
77492,19.541702872491644
77495,22.3641294937206
77499,17.372351357159385
77504,37.715892936838415
77522,16.0074096408805
77532,18.929782822973298
77536,11.519030127690481
77544,13.442712215476949
77562,23.81801786659469
77563,8.245404774802687
77567,34.40920314300382
77571,14.98044979939672
77572,18.40653405611305
77579,10.142667130826844
77580,7.439244811259705
77582,19.62035974727603
77586,22.325041049574903
77589,8.10225581542123
77597,35.858401588570985
77599,16.059100540748556
77601,20.820164746612566
77611,13.828976268551266
77613,9.917060642459106
77622,25.228325367499504
77623,15.599550478730077
77648,21.964282062893137
77653,3.4361065344632067
77654,30.060546892806517
77660,40.205146004643126
77661,12.107438568965332
77664,17.869720161294612
77665,22.275989712316804
77669,16.926184268715847
77672,15.070862460741214
77674,23.142353731006192
77683,19.010033284504818
77687,18.87910607226107
77689,25.160713331080377
77693,18.072670418467983
77695,24.2344334215345
77697,25.55676596783027
77701,10.194217123455509
77702,25.802478881285484
77706,35.293449735348176
77708,35.293452687354545
77716,42.24366019787544
77730,24.398891281515954
77741,4.718414542140387
77748,15.42845495316121
77762,23.159919875725425
77764,16.865150175011
77765,14.818260272730559
77766,7.792004159452425
77773,26.589688740886974
77775,14.350896599358581
77781,36.917515585362096
77785,5.698616470828533
77804,23.524861436203768
77807,21.465305665170572
77814,19.23918635506006
77817,26.906646962862343
77821,44.93239197444362
77823,10.842023902611608
77831,9.749818754217465
77855,25.17463431364668
77856,47.53242159298297
77864,9.729615226814527
77865,21.758966156263828
77870,29.686261432207058
77873,13.852496221769641
77875,16.15208737885762
77882,30.022465986567372
77886,11.45291845579671
77889,12.309963737736915
77890,17.538689498948013
77897,15.129714587977627
77904,15.038125627984986
77908,17.47715323708282
77909,44.361499760864675
77911,3.8041147279393073
77912,9.791071997328508
77914,30.15275688822989
77933,16.64806127902462
77934,17.983698647876796
77946,33.420884403918905
77949,27.16414396876154
77951,23.78065422675606
77956,6.99552675081712
77972,18.168961452682414
77976,34.407134185373366
77978,21.902269870273702
77981,4.599036139283676
77990,21.115225067056304
77993,16.644386709267383
78009,12.752991511408212
78011,30.059897322230068
78018,16.213817674225833
78019,12.354134607759413
78020,19.69268775849925
78021,27.19802099068499
78022,9.706518238356661
78038,16.506269901035214
78039,18.04178704517469
78040,32.980623174341005
78041,16.66000791132058
78052,13.369325499640901
78056,30.813347607580926
78060,9.312486928878037
78064,4.094364755526961
78073,34.988367376212224
78076,36.780176215845955
78078,16.954937721719123
78088,17.783595764306195
78095,14.8529468690047
78098,10.107108288035526
78099,20.284709984067813
78116,23.65655691379469
78117,6.5021825050082995
78119,10.26278135345597
78125,17.962859044564073
78130,16.607158628917023
78133,17.55962514341765
78135,15.112996727991916
78141,12.354314680148704
78147,16.171459626215043
78151,16.17146553022781
78156,11.137211287191658
78157,5.317743992431929
78168,14.99628811554378
78173,7.778790549556362
78178,14.89102921454521
78182,45.290135452202065
78188,6.455059123976717
78189,23.4555282059217
78203,31.674988767787102
78214,10.844479240092166
78218,17.3625631210185
78220,16.75138708107198
78223,10.252926317291262
78234,23.885061348328865
78235,23.885062824332056
78240,37.07298052002403
78246,17.23096483289984
78248,22.65904319901981
78255,12.810524935048452
78259,21.601304957363507
78262,9.750454911592747
78270,15.852940136245483
78276,34.8382700167616
78284,39.92104706190072
78293,21.495928082578796
78296,4.236581074812975
78297,18.138615375460883
78300,20.164501879878618
78304,14.651159711949507
78306,8.953999819952596
78308,22.773867386282983
78310,43.480814879039016
78311,22.360271473288794
78312,16.827128235989466
78314,32.640125084620806
78317,15.201644712170182
78325,15.756645206773111
78326,15.756646682776303
78336,22.8374725767631
78344,24.212213305511735
78351,20.770341046015464
78356,27.02577503127117
78358,23.120997955606075
78369,7.792894189376547
78372,24.906752129350505
78373,16.858908542735787
78376,30.70978607042309
78378,9.070211113817166
78382,11.03159475874805
78383,7.197458770886506
78387,26.018392907363822
78389,49.40372223461691
78395,8.0790961788421
78407,0.6282892839414345
78422,25.51678572950542
78424,22.797841025781768
78428,18.702649114066755
78432,13.982916537235685
78440,15.509199750531057
78442,8.463720326915485
78458,34.010536882416034
78465,28.188899507219308
78480,10.094299402547293
78487,31.6280944125384
78489,28.706683401894725
78491,8.583923776911234
78492,30.343851999422586
78498,5.9748522510490645
78499,3.9990030652804336
78500,7.34264371456403
78504,33.45143190165541
78505,36.07951700672349
78514,17.82956727624708
78517,21.16462099663592
78523,18.124148065229736
78524,17.567436232919864
78533,11.38743242698061
78536,12.640182776852157
78542,17.03211183236478
78543,38.56996840291646
78555,16.425971648770545
78557,13.122377148774305
78563,16.327842868235624
78567,12.802001598447376
78570,24.83895512157584
78571,33.195584787651754
78574,55.31485100276208
78579,40.94490806342225
78585,37.274784891684874
78595,32.02072183066164
78600,25.47920944857734
78606,26.41480860437436
78618,17.621535893597017
78641,20.9803689741162
78649,26.799506294541306
78650,13.546219944606491
78651,13.546221420609683
78664,35.45104147036831
78665,20.306576151774426
78676,26.353232837839176
78682,10.727089964305456
78687,29.28311171494659
78695,28.21708354510884
78697,33.06865842100082
78698,13.777248938530587
78700,35.3324721032247
78701,29.454271323406477
78712,19.51457734376294
78714,19.51458029576931
78716,19.463213547009925
78720,28.272060979588478
78723,28.242519441924617
78724,34.1047951738411
78730,52.00257778834957
78742,10.427241412655327
78763,4.3408031279642785
78764,22.152292786094453
78770,23.758102806901523
78771,16.399640315554525
78779,18.82515937611537
78796,25.668141780544776
78798,10.035835096815262
78801,21.338256612399288
78806,28.80241713995635
78808,26.72043758315402
78815,20.51170526029581
78819,16.359336766678755
78834,42.07055503075284
78836,12.456470110931782
78857,23.016524360295914
78859,10.957623728072097
78870,10.457123268144223
78872,15.291800534100364
78876,22.677717957581354
78879,54.58807560930346
78881,29.669237968192082
78886,44.02173338852103
78891,9.237229520668969
78893,37.97535742652778
78895,20.376572050141636
78903,8.511718695618036
78904,19.898879502829327
78914,31.82466666951805
78915,16.525289081864305
78916,13.117173370679161
78925,23.853848233243628
78930,19.976501005294264
78932,8.464443568479034
78933,8.464445044482225
78937,13.146630085222245
78942,17.773606487977876
78949,20.57643375728178
78951,27.09191771047308
78954,11.593621378710743
78963,28.03997265740478
78964,39.98988787781475
78975,6.186713928749178
78992,30.149789517824818
78997,26.471159375958184
79013,30.668332841302526
79014,24.853703702517773
79017,21.16578695666536
79019,15.676030486812419
79022,16.64625530683716
79026,23.87351428168039
79031,34.37820598947235
79037,13.309423961271577
79039,22.004084242419527
79041,12.128041452427869
79045,33.9628346824249
79048,22.32350568082914
79055,43.144024157651245
79058,10.340867117934245
79069,20.32651450503135
79070,17.695651081295953
79071,17.695652557299145
79079,10.579950889216256
79080,29.298357913420322
79084,19.535564603237408
79088,19.040438386587905
79090,6.281506373053425
79111,26.79091918845133
79112,6.583988135752968
79122,15.387038052379058
79124,4.639413337629726
79127,35.53109870835321
79132,15.370363193101912
79137,13.040423009553304
79153,2.9085159080248175
79155,22.087613443013293
79156,15.305493140302534
79163,24.105443062795043
79166,10.0337845974951
79169,20.880569853503896
79172,14.183103554847097
79176,18.82264869872616
79186,22.78193920952639
79189,23.931563999184466
79190,12.697585557522729
79200,16.236718826926268
79207,13.460001746671992
79217,3.7334674989086167
79221,25.924133291256044
79227,11.020999056393876
79228,5.901532505806127
79236,13.293203123506572
79243,6.408026601622346
79246,13.337064630387001
79247,20.944426758058786
79254,4.771632514540421
79256,4.950543015427392
79260,17.907526029821515
79274,7.558876067465384
79278,17.176026646401116
79279,24.017581074957622
79280,3.830336131538324
79287,26.676083460951677
79290,34.108052780281355
79300,28.594601330693113
79304,12.253854729416975
79318,9.99134249586492
79322,12.671956861112193
79333,-3.938686638100428
79340,2.383398318750018
79344,29.142612499300927
79345,19.83953124584551
79348,13.799693710322892
79351,2.363400605329872
79352,2.3634020813330636
79355,2.3634065093426315
79359,17.988392965194198
79363,18.6321508020477
79369,31.840067865172575
79380,26.960914472307476
79385,30.909355126237937
79393,14.754886940419713
79398,14.420913918726757
79400,27.89167909610148
79402,18.154449326753596
79406,43.5817757391504
79412,16.521168791579218
79417,16.521176171595176
79419,18.800506828910397
79423,22.84776530105186
79431,15.02962565053669
79433,18.180523383700294
79446,10.316982277640491
79449,29.65583940127129
79457,7.249767033587908
79461,26.218729415515423
79462,26.218730891518614
79472,45.47821707061942
79473,45.4782185466226
79475,32.352862822955004
79484,12.530720897360247
79496,33.93154788029085
79504,30.137614953599726
79507,14.228348546158816
79512,5.30203104478624
79517,10.196169573468737
79528,14.723065280463747
79529,30.888305973583382
79530,21.820427566290963
79535,13.217923314114358
79541,24.763308637664014
79545,34.37009921821627
79552,24.463219868791622
79554,36.60253221934411
79562,14.363905936458341
79574,17.443116395817686
79575,11.631501114552105
79596,24.207749909315044
79597,17.152342362881843
79612,20.451115307120578
79621,21.57374234985807
79622,27.677645095338537
79636,25.589601634028252
79638,28.392675950112878
79641,13.283911492131644
79643,45.16384005359511
79645,27.6965396875262
79650,22.213407904127298
79655,15.63853883183695
79656,20.621652079989733
79658,12.760754697980722
79662,18.772986888375303
79664,30.912609323997327
79669,19.614842944807453
79676,12.192516509658937
79681,25.30252929256901
79682,18.968470201008703
79689,6.708968707870589
79690,21.917340771765144
79697,29.276506397406504
79700,19.91204180715629
79709,17.826019750600036
79712,17.32202425756447
79719,11.581563865039847
79728,20.326752423486273
79729,19.22489877288559
79731,22.87958919944946
79744,20.85957800928765
79751,23.97124575060791
79753,33.00275133401172
79759,12.939970219320678
79760,12.93997169532387
79772,13.894743611940768
79777,23.992703584091903
79792,8.838300606691181
79796,28.509901622577562
79800,26.979704921920177
79805,13.420222918238316
79807,42.62219107815132
79809,7.243368435899992
79815,7.675346340705314
79817,12.72869942328419
79821,18.618929903093647
79824,27.65122732713687
79825,9.159708535973586
79827,25.323497599941927
79831,6.70730978472988
79833,15.222366677794259
79835,14.799143862408275
79836,5.931281728052717
79837,24.39720198923172
79842,15.821247164297592
79843,32.730238797912335
79857,16.201609571494007
79859,17.017952013600993
79870,7.741023907912474
79871,7.741025383915666
79873,23.99467985432594
79878,15.41063687307096
79881,34.08078668243529
79882,34.08078815843848
79894,6.832160511792644
79897,22.22132971368738
79907,18.65407214051525
79914,31.78181681742498
79915,20.823100127843173
79919,16.090288425384248
79926,24.82769734192556
79933,16.887246189377873
79937,12.97247414254684
79941,14.194280662388987
79949,19.30550198670979
79955,20.68746179093642
79961,19.996513408087043
79963,17.687265065117277
79969,10.165933952625835
79972,13.326173787865876
79979,20.651582189834567
79981,26.360421353512177
79992,11.72498103885301
79993,32.546967599364805
79999,5.218526493502807
80000,24.43412024813875
80002,30.381445679468857
80003,21.826235624964514
80004,9.879420786926296
80011,20.20731079367975
80014,4.771261811721949
80015,10.951322357957615
80022,28.604597878589008
80037,15.032266269674171
80046,15.201690087686462
80048,3.700654529031034
80049,22.37533851090065
80050,5.666692497749025
80054,27.82259326454682
80059,11.018218232318084
80065,25.435799613295433
80070,14.974656214105668
80078,11.851279612206298
80085,10.451526273270126
80092,23.285598400519472
80097,16.91478186371283
80102,10.601304376570479
80103,24.39443316330475
80106,8.147301510976916
80114,33.558507333722176
80125,25.597989177891083
80128,35.56258336979927
80133,19.513606392013077
80137,37.97141118242142
80142,4.188890645885564
80150,12.825099070926079
80152,26.92407893638813
80160,14.188490245864774
80162,11.750381796964895
80163,26.65537136070895
80165,22.963766707058102
80167,27.03704872998355
80174,8.380947203130617
80179,21.794367179073635
80182,9.071517240812355
80183,9.071518716815547
80209,30.68288305907551
80214,26.479322615767888
80219,30.75643211875796
80226,11.786566783199913
80229,36.31956416378489
80234,17.227774632069792
80239,12.777365073728369
80243,22.94467265849072
80258,6.505342627840037
80262,28.937837618994333
80267,28.36599918871374
80275,26.768456604477546
80281,20.828447633113523
80282,25.08075587934614
80283,12.218935064847528
80301,16.903283828383454
80305,15.72438769384856
80306,44.41263637207831
80308,24.002728794870553
80315,17.971386635237327
80316,6.505428236025111
80321,11.176883860076934
80328,25.55792654640904
80337,20.421495966659723
80339,27.65841485241248
80341,26.81740309469598
80343,21.52913379922227
80348,5.035393607077573
80350,23.622691399566325
80352,11.240932206115257
80357,24.546087180319763
80361,37.6746363513318
80362,23.402160275342386
80368,34.83119584555581
80373,23.11265985317789
80375,13.406710674876756
80381,2.9455018223175813
80386,26.677110990775756
80388,36.21787364562657
80391,13.311856596695197
80400,26.21122895837995
80401,11.765412317773702
80405,36.25072613372295
80414,4.492544416365199
80415,14.366633439421111
80416,12.884743745697072
80417,26.618175754590855
80420,18.593188911934494
80422,17.075075033053924
80446,24.377414651174295
80448,16.310070185369835
80456,5.276406623154266
80459,9.956796249566267
80462,27.550923698981695
80467,29.903098480035975
80484,13.688245436035107
80487,35.54527452116071
80489,23.73078877626374
80490,22.249755073821024
80497,12.357792143666487
80504,12.683269899635619
80508,11.461650481455493
80512,21.98187451236456
80514,20.569759344805295
80515,29.280600177262617
80518,28.16063055263474
80519,15.250248540708785
80520,36.389601253487314
80524,14.183010710305826
80530,5.374249724259684
80531,7.613252040741692
80532,23.714879077393785
80538,19.62214197543204
80539,22.958449508362822
80546,29.195064098089208
80559,13.806447592665176
80567,17.737423830917283
80577,37.93943357915039
80580,13.169024439256034
80581,30.374368384064947
80585,16.76230714456251
80595,10.687700489834736
80598,24.170224973736797
80600,29.735948138292375
80601,12.525239918532186
80608,21.54650260819341
80613,24.22649510881772
80618,42.06641807860147
80619,38.39360677796243
80626,31.27579643686043
80640,14.775804203508716
80641,14.80308536262162
80652,4.97011322736946
80654,45.353483859499306
80660,12.783166435171033
80663,3.0854542541263257
80665,49.327074473041435
80666,25.878074145519346
80670,15.825570035046123
80676,27.326732567990053
80677,4.5332651724858195
80679,16.931130270123898
80684,36.24791563596882
80689,9.747193208492458
80696,13.137928298984185
80700,26.695974668752395
80704,4.131076602079837
80710,15.281374844498647
80711,10.452450251267642
80714,20.794431579622472
80719,11.853394337064834
80724,11.358533867207
80733,10.435711754132466
80735,18.70642617448303
80738,20.039728648993904
80744,22.776181387843057
80755,20.98699805257048
80756,12.716808906610787
80764,27.73492299492629
80768,34.3739651105011
80771,22.432456974040395
80772,19.50953737034003
80774,11.686960601270847
80776,18.156477355137913
80787,17.871417817682858
80792,17.13702190447248
80799,21.24934213483316
80800,14.43825172022689
80801,15.376910562202884
80814,23.294718430541725
80825,19.60202390200892
80826,19.60202537801211
80836,10.349587820604317
80838,8.943643291171213
80839,26.711471433673655
80842,14.422474462578027
80845,14.422478890587602
80851,9.96130868788115
80854,23.254875802106508
80855,8.465375822539155
80861,26.46692238931367
80862,21.09075231657899
80863,6.188809446361127
80867,17.734838014829894
80870,22.40392065012652
80873,14.54198697905375
80875,23.484728956508892
80879,9.402934492134186
80886,28.80469267315549
80888,22.808875062564955
80905,16.218078895437994
80908,10.080305640540693
80909,29.806708243923698
80911,13.255114560281378
80914,19.845655236181013
80920,15.950118520885784
80923,21.335768522344043
80925,24.217468153565303
80927,16.14624954496961
80928,6.989803514603196
80930,24.175378774834858
80935,22.55049644112268
80944,8.405259715265636
80950,30.19435395645584
80952,25.34624282629206
80955,37.730730207260336
80956,37.73073168326353
80979,13.06944771360812
80983,7.073087992049743
80986,44.61740732565005
80993,15.186820690134713
80997,19.086155396935755
81002,4.3421482866120655
81017,33.61044039669402
81020,19.97410493635819
81023,39.93158842385327
81028,19.159524693419154
81029,31.725882651928504
81032,11.105613541832007
81061,9.543935533802532
81062,23.840945737159377
81065,11.710737059733837
81074,13.135916772276758
81079,14.057447843152833
81081,8.388407891948923
81082,26.82038947022055
81083,24.630562954424637
81085,28.359085206670397
81092,34.06015953917954
81098,20.97302491097574
81103,23.88929600148359
81105,11.261154777177019
81110,7.609959767751047
81113,15.59168969589999
81119,21.561066048250712
81122,21.461805680380674
81129,18.69419891400376
81132,10.988999879901222
81140,25.96790955527216
81144,16.669170771151858
81145,27.866024577174638
81146,7.080885940246809
81147,24.630942925907423
81150,14.174766847094691
81160,17.856911527358765
81162,11.991168675327877
81164,3.7911605360043623
81172,32.51850871570545
81189,14.801142370728773
81194,13.320751098214153
81200,1.161788509777395
81202,34.17222458382646
81204,16.103647270576676
81209,21.32856192629875
81210,21.222143761961657
81217,6.159760591473415
81226,9.980779525480067
81230,10.696326044405716
81234,15.268613960593886
81238,12.944973006518474
81244,15.826409725645117
81248,24.23858241633842
81252,10.862515937525263
81253,24.59796826842887
81261,13.557139917382344
81263,19.3980939492391
81265,12.349819329336917
81270,18.76572698120714
81271,18.765728457210333
81278,24.005499243153697
81281,11.254088631673199
81284,17.001002969825695
81285,14.734105402702372
81286,14.734106878705564
81287,7.1624700772329035
81293,11.909400883437506
81300,32.300637572876155
81304,16.72368618468128
81310,14.758566442190531
81320,46.81971419647124
81328,21.741362555951486
81329,32.56178401000889
81330,25.53206918168171
81335,17.858221186929004
81337,18.76131051140742
81341,18.664502738111796
81352,22.027912507037133
81356,15.049977675747474
81357,18.626389347515474
81360,12.78933226628039
81373,14.467364193529608
81375,23.86325017887607
81378,13.80463737907655
81382,19.518422105785238
81385,41.51785557749396
81387,24.42779934875522
81388,17.211584817268264
81394,18.203234864488667
81402,18.76917699632975
81414,4.86885728379994
81420,27.23696198525008
81425,24.5982221409777
81437,18.08274617906829
81443,25.072243725958675
81450,9.75150795639167
81453,13.339185387804175
81460,18.53729981186557
81470,16.342821047767405
81471,17.729809433232152
81485,14.186517550227666
81489,30.71900957336265
81492,28.47854023322338
81503,24.7074362191135
81506,9.964715636148135
81512,8.524296113710317
81521,24.64343413807592
81528,5.067881101642847
81529,5.0678825776460386
81537,28.717497750605123
81540,8.752986984517086
81546,25.027069334739313
81548,19.004315306934952
81549,7.834313730263368
81551,28.660354955517892
81564,10.23649728469124
81566,5.771875248203209
81568,19.79881807032793
81569,19.79881954633112
81571,19.798822498337504
81574,19.183028438990124
81580,16.686823395775566
81587,2.5149339529870574
81590,22.12790812408075
81591,6.250323366020233
81594,3.2321620676273213
81595,13.643650617555025
81600,12.804671673647903
81603,13.074301798391204
81613,18.36735414358412
81615,24.82420245030527
81617,12.777466811891166
81618,19.59956999690078
81620,15.817297026650142
81631,25.00605085276541
81632,18.848692495873525
81636,19.01180044287506
81637,34.46792738298018
81642,17.866126477975232
81644,13.082045360224214
81648,15.463635886793217
81651,5.750258314280522
81653,5.5159548418576065
81660,7.808883282014598
81663,30.33597472421985
81666,32.22987779503691
81668,22.037829874692623
81680,26.246175957621023
81685,15.479272500598132
81687,18.046029359010493
81691,15.823976294197582
81694,13.21993513528491
81695,13.219936611288102
81699,32.32447290895446
81700,35.07557310842617
81702,20.517603108747164
81707,14.9163327827976
81709,18.95602439079916
81714,22.214396969419187
81721,25.209604724354914
81722,11.960151443675958
81727,24.845121953418616
81731,11.360007811942857
81737,6.751471866418505
81738,12.971254646889129
81739,20.59205149093403
81744,34.232752714823604
81756,23.920671146624233
81762,21.30178048331364
81766,31.251561468523523
81774,21.002650685711583
81779,17.48530697451189
81780,24.599895714796144
81782,7.313864098786702
81784,23.84027882023563
81785,26.259562117282176
81795,8.518788342465879
81796,14.896594997220415
81797,23.738658911800325
81798,23.738660387803517
81809,19.69688843723515
81821,26.680902508576597
81826,16.99271305185592
81831,29.18842771233798
81832,12.795983617092254
81838,17.69329663864909
81841,11.199736167012894
81847,27.480580426866684
81854,31.812801345993453
81856,16.6845691094794
81859,14.439473061879344
81861,32.03211499716262
81863,17.755679123565894
81864,10.802931045811235
81865,3.5020739793960445
81866,14.252658927613648
81868,12.419037461891378
81871,13.870905320483864
81874,19.80361626768151
81878,6.139984327870806
81879,6.139985803873991
81882,25.221287935524746
81886,17.061043760012186
81893,16.872349253224794
81894,19.447282234488544
81904,11.611379793785481
81905,22.01330472404702
81912,13.55810079545963
81914,29.863184749800144
81919,37.1724990777964
81923,14.920524067171787
81924,17.15497463978389
81926,24.82418737429374
81946,17.30925454657326
81951,28.417451390969635
81952,23.723907911476086
81964,25.4507476636275
81967,23.98020570657211
81977,15.245858579164409
81978,19.433127880818848
81979,7.037205945926431
81981,12.491128977345177
81989,15.358167563764813
82001,17.487044277500818
82005,24.86385042761371
82009,26.95165775865488
82020,40.16723689220983
82026,20.42687491966473
82029,7.788293728559985
82037,11.76378880232074
82041,24.231888471339975
82043,10.586598725603587
82048,27.828571251411464
82049,29.055539670369445
82068,23.217935462858495
82069,23.217936938861687
82070,18.41761187561723
82071,7.491638563380015
82073,20.511936666193524
82080,8.260330999067726
82089,12.818362580677736
82091,14.7708817585949
82092,26.417346292113454
82094,30.919651634788327
82098,8.368030575124529
82116,18.633889401434818
82117,14.475146638639476
82119,29.483324750365842
82123,23.64769192198732
82126,38.01495871719531
82136,4.7066393961774935
82140,6.4182717078289
82147,22.58628630625822
82148,16.432453521926863
82150,36.95139335931748
82151,13.845302357104917
82157,20.57783341207863
82158,16.690467468252432
82173,17.480403368012393
82175,17.447520382234483
82176,11.681023820535465
82178,24.43555375069744
82179,2.983090496819468
82182,2.983094924829036
82184,25.94990642069533
82188,4.805346930394613
82198,26.141208478092107
82201,21.710668952865905
82202,14.210641427284632
82206,9.458959187986544
82215,12.921196910953626
82218,9.494484999214315
82221,13.254329241086552
82223,8.86846190027601
82228,33.77120893993475
82230,22.98568928961703
82231,9.475856169681158
82240,11.812623001838041
82248,55.02329487061722
82260,38.92693356934792
82269,23.52282301020949
82270,7.298897866299221
82282,26.459006299885605
82286,10.427994022122455
82293,10.636480641746722
82301,29.88575268634568
82303,25.993196149035715
82305,15.541220389996017
82308,27.653248958392428
82311,22.30226103898367
82314,24.19757798692004
82319,11.575186891115166
82324,36.821037436008154
82329,7.314671472532133
82330,24.562056869200635
82335,2.040856073113133
82337,11.490852510696165
82341,24.036373823338497
82348,8.240547913379586
82353,10.577285187442566
82356,8.469458355138592
82359,8.292315994616544
82365,15.312728939545469
82366,9.379217610124144
82380,15.235779973459739
82382,7.417610661240925
82390,29.140491508979213
82394,17.08244019841577
82397,40.01658297917044
82399,21.223414498823278
82400,30.51579038832075
82405,41.106573154001126
82417,25.707223023744053
82421,8.500813537077242
82422,23.440346120846517
82426,24.1348659335716
82435,3.4843182700073
82445,7.3164242130789106
82449,19.156252943871852
82451,10.842167724607386
82460,22.016885285182457
82469,16.046248673546874
82471,15.176336155682268
82479,8.85703276685701
82482,25.697585040660176
82497,25.211518160939182
82503,4.263606553469359
82506,15.522624026010579
82507,37.08676933819602
82513,10.999924946131081
82523,15.922520925885028
82526,20.877373454915773
82538,22.56535668763284
82543,24.867645466143298
82559,35.00907735045972
82561,22.456916080094583
82562,22.456917556097775
82566,18.234908021415517
82576,10.10504733178821
82577,10.105048807791402
82578,10.105050283794593
82580,23.44175912651905
82584,13.392308619928293
82589,18.69214980910211
82591,11.265305953657297
82599,22.39991880695749
82600,16.902249826457638
82605,22.029761939035343
82609,40.95767219757518
82611,27.50402479361792
82615,3.169383373416501
82620,22.36222698792429
82632,34.373769249868715
82634,43.04538451619335
82646,8.228260035014436
82647,13.391206043866973
82655,15.825399161273626
82659,19.55165948235258
82662,23.904759426126642
82663,12.695237858914645
82665,48.13442372577467
82671,34.097863461989206
82672,-0.4729142090889624
82674,11.000162582644812
82680,6.2489110892713455
82683,11.470825523876606
82684,37.48561705639145
82689,19.813162547083824
82690,32.415461276688944
82692,32.30812287116305
82700,29.35606494756014
82701,8.641295574554569
82706,14.236909704495094
82708,25.088523889722428
82711,19.74878572868923
82722,33.39249589995087
82731,18.70197860491817
82738,20.425039850321102
82746,17.608047284555138
82750,7.868892340589802
82755,14.475781856715312
82762,10.127417295507783
82763,17.992092675756542
82764,13.901617527852444
82766,27.03461249090842
82768,21.95803367190967
82771,16.473546493443504
82779,9.57354586996598
82783,19.109976702715148
82785,6.883584566914294
82786,7.979484321760051
82788,30.06373059153019
82805,22.304061538186023
82808,19.020723796851858
82813,26.01322017652149
82817,25.20022097122939
82818,29.55499778572076
82819,15.28654632257837
82828,25.97330466583787
82832,17.7127936232304
82840,15.914261352259675
82842,16.039882735774658
82848,15.486566792315184
82850,24.18120303522529
82851,38.5985089457358
82852,29.376371770865806
82858,29.74483948648506
82861,23.79682977809561
82863,7.506920289651227
82871,26.123459998198786
82873,28.593837265588395
82876,33.43033242303545
82879,15.819155314667501
82881,14.54912275725555
82884,12.149148389236501
82892,18.806129444266947
82903,11.219149270097446
82909,28.415209403006575
82910,13.877246872692748
82912,54.34959969628113
82914,21.260697396303787
82920,10.089359384016689
82925,11.557019425445752
82935,11.885294011081093
82948,25.463876330741993
82951,19.853412869121204
82953,16.466262251784006
82957,36.7528583236021
82966,26.190436696043367
82970,23.10911282554095
82978,35.64662438086448
82981,24.495368169850646
82986,11.128429018254543
82992,22.901904591226472
82996,16.50030605316807
83003,19.89475220271918
83012,13.669932814043495
83013,27.674753618545967
83014,19.277647305770902
83015,34.0963496397506
83016,20.341239766541566
83021,22.217071901493288
83024,33.959707819986264
83034,19.34704696085962
83044,12.842722466331843
83048,31.527424372055147
83049,24.769587656512005
83054,19.032240785768966
83056,8.3855400801772
83059,12.601149978018267
83062,20.04425580680365
83063,13.805271184492142
83069,39.96235721853746
83070,19.639358801608683
83071,30.90585116818686
83111,29.599770823390987
83117,30.33608947259049
83120,13.041799094503723
83132,26.542636239311324
83134,8.848410642530773
83139,34.74024017595683
83146,24.98710995071762
83148,30.750750948174495
83150,20.366469113494137
83152,17.64344024513159
83155,17.643444673141165
83156,17.643446149144356
83162,14.32842926201874
83171,12.078809888203601
83177,19.382665658172034
83178,28.14788896622463
83194,15.133937440750262
83195,29.72873816224534
83214,11.722325964211677
83215,11.722327440214869
83227,23.39950188489974
83246,31.755040214160477
83256,27.828026821193067
83258,45.34941584643728
83259,45.34941732244047
83270,24.28357212129176
83276,21.292833395072126
83284,25.582513417899786
83289,10.020798074114872
83294,21.77370597594516
83298,9.176534552020435
83306,13.702748323512473
83316,12.466941236717894
83320,25.94729188397213
83327,21.48342146095487
83331,22.246919545893657
83332,28.80624246906149
83349,18.496568088059337
83352,31.56642193978082
83361,25.430300171966312
83381,7.728065067347153
83382,20.727428950914987
83384,30.763098158296916
83385,18.274754880903142
83388,11.527667698363697
83392,22.17066671884076
83406,8.82198592698537
83410,12.576568983935957
83415,40.214603588440426
83421,1.316530667383212
83430,20.53910398587549
83436,16.12417109708665
83437,6.122501908504695
83442,27.443697262318818
83449,30.416183977257095
83451,20.699792639506246
83454,35.488917387079695
83455,24.904773324174652
83457,39.76140290900911
83462,33.606800954748294
83471,28.194119307034935
83476,18.093375103919644
83478,20.56182453769745
83482,22.2315619021491
83484,13.321825108480915
83490,7.213453549290783
83494,28.101945725438153
83505,23.840047264458466
83514,26.63872656092285
83517,26.76445477607061
83518,18.396565122658945
83522,16.019509035410874
83529,19.51885640110807
83531,13.749447256575781
83533,29.840889512386912
83553,23.031471607600164
83559,14.383418164013907
83566,25.900146298240575
83568,23.764863587874938
83571,14.61007993115361
83573,28.59624043473129
83575,19.278475343561002
83580,17.16589772410889
83583,10.78366423055391
83584,14.531925533727634
83585,21.34897718290677
83586,21.348978658909953
83588,21.348981610916336
83602,5.242820603714918
83603,27.984486837642347
83606,35.315580490245935
83613,35.206699503311356
83617,16.035577015068373
83618,6.192875835152087
83621,23.686662737054295
83623,15.963251583764052
83626,15.014197901554997
83629,37.6151412813182
83637,16.19519506288181
83642,6.569687021086466
83646,18.609087081690117
83657,9.038878941537384
83658,20.426397773256742
83661,8.392215980181469
83662,5.611790857955867
83678,15.380359434235292
83686,20.95554339151916
83687,30.353188008744926
83689,32.03954493335843
83695,5.596450734843948
83699,27.699848255432993
83710,25.37113762762007
83713,37.213905201289336
83718,7.912448036641557
83719,11.966566594379763
83720,11.966568070382948
83732,10.123484254156317
83733,21.93299184136112
83735,15.703204644620929
83738,15.049370042298168
83742,38.489023616322314
83744,12.460404681009916
83746,13.177646767162734
83753,26.17069248818304
83765,27.132055602058227
83776,32.02262668233723
83782,5.163911135096733
83783,30.835341166007698
83793,23.367921864471437
83796,20.345016810845753
83797,21.437255358249164
83803,14.270298388726506
83807,19.662109562567817
83810,14.582969493589264
83813,47.65922534922785
83818,11.942243222431259
83832,20.5361978080303
83833,8.633294375339617
83834,20.32132024249096
83835,29.12303694628319
83839,16.86092215636174
83840,7.179488916759546
83843,29.4614284699818
83850,36.25065718370283
83855,24.487938218116863
83858,24.487942646126438
83863,16.9200729190748
83865,11.515190250068716
83873,15.02692791493222
83874,9.143211535040422
83876,22.196859648587893
83878,25.777108623860382
83880,11.470299703808863
83885,27.270212633656396
83887,27.676043645334833
83888,14.64630532858175
83892,26.975647413771984
83894,26.975650365778368
83896,30.322015485867443
83897,10.348324262329431
83898,10.222614854786734
83922,23.03151156056872
83926,13.554468629083065
83931,20.861479243475113
83936,21.151553066627333
83940,34.400417783695744
83947,36.25080035601235
83950,14.09275420970123
83960,28.570446307985282
83963,12.85085999911093
83970,21.08845229437276
83977,26.855128634340172
83986,49.747548196648495
83989,8.66267095310019
83994,16.6612339727203
84005,11.770715955398327
84009,5.781898226968089
84010,22.536745037865604
84013,26.27345219782497
84022,11.494905865997303
84024,17.58876401757141
84033,23.769449510124627
84042,20.18746105134336
84046,32.757540396868606
84055,29.28370542914252
84059,28.082914805154534
84061,19.03372712098221
84065,20.566000074181
84076,16.911756446369555
84078,20.2942104138282
84081,31.091519002044446
84087,20.25536561594208
84088,17.60608136406609
84103,16.164199451840727
84106,19.745441030436698
84107,17.24967207535791
84113,19.852939122018473
84118,22.06972142631081
84124,15.740908348744501
84132,21.67079117921843
84135,33.85428709957442
84139,10.940695732575861
84140,10.10237377716092
84142,5.40648595799167
84145,14.735794795490467
84146,30.873671757037588
84152,33.83923320464129
84154,23.113478470586404
84163,22.43746357686396
84179,42.75728070755221
84188,26.32019563223867
84191,-0.4065168223558331
84194,24.339154140391383
84195,21.41577676094474
84197,10.688368904887732
84200,23.188226890016896
84201,23.188228366020088
84204,4.336881793403315
84211,13.244185449171685
84214,23.183127806940806
84215,39.0613776813062
84217,7.017288408553451
84218,12.068832526471887
84220,18.28192176588232
84224,12.405836107473412
84229,30.219107601951574
84230,28.857935350319305
84231,34.27073340105949
84237,3.476665614418607
84238,11.363720542419863
84244,20.916722616828725
84245,21.144451896100055
84254,25.911223500202087
84258,14.825615302406018
84259,14.82561677840921
84260,22.92923133387443
84277,11.598489157365954
84280,26.63988560652432
84287,33.234728547529585
84290,24.361080761340265
84292,31.660539865828564
84293,21.39977696537321
84297,15.374242894881352
84299,9.942262052369031
84305,5.382474617369489
84309,9.75033230867922
84319,19.700593205244335
84320,10.244327037070924
84321,25.18572483992512
84323,19.141844505306675
84332,9.196348593465185
84359,19.254896326180774
84363,20.456200837005976
84364,28.808023835614694
84371,17.883082191805517
84374,10.241873887452364
84376,17.637361060487354
84377,8.891919050750637
84383,18.874491726165235
84388,11.559178818114056
84395,34.60783498770401
84406,2.084109356457965
84408,12.22958918263597
84417,14.497653525428408
84418,34.78830586794045
84419,34.47081017475696
84431,7.406209404298998
84435,20.04924137406333
84436,10.280088301189558
84438,34.199703701772194
84451,16.08878184262682
84458,11.235572993438357
84465,15.79494977584972
84474,18.153899392493773
84477,18.272514621942978
84479,19.614831200206286
84488,15.626513177207197
84490,18.911209451830278
84496,16.02915465084843
84500,16.193953317450873
84501,14.495732152323495
84517,34.921035341002224
84522,14.705793396072753
84523,5.430205882765215
84524,32.87124820318971
84532,7.28908145816883
84537,27.964146471166064
84539,14.293741149729147
84545,18.57226517094104
84547,26.531273378691576
84549,11.576795219363635
84550,6.1938546878556835
84553,33.07933885469103
84556,10.326156343795397
84567,32.81639708753222
84568,31.96193322125065
84571,16.500900263027884
84576,33.02690240787332
84579,15.889336138409565
84580,19.039322228010338
84588,2.2466768972701843
84590,20.474726877136295
84596,28.961720628216607
84601,18.83611324790112
84617,9.447209445391351
84619,30.93941079633105
84623,16.502418399505178
84625,32.48052170462647
84654,8.454400230610368
84659,9.160489034610166
84660,9.160490510613357
84662,9.160493462619733
84665,14.19700569694935
84666,9.1604993666325
84669,9.160503794642075
84673,33.25642659878264
84676,3.70748547179857
84682,22.202577542838366
84684,11.258212829093956
84685,11.778360117307713
84686,11.778361593310905
84688,14.043611679283362
84690,22.32040079698228
84698,16.599482359021795
84700,24.822070742781317
84708,17.11549428471574
84714,13.864138576587141
84723,19.403590723231577
84727,6.185419881030576
84729,5.469969537581996
84730,18.49838748745739
84736,22.435883036395236
84739,18.34439681535026
84759,34.322548071401485
84761,11.682203765903687
84764,33.43498028676987
84771,15.758885730110922
84774,36.83346045225041
84775,23.52143715970482
84778,23.60258986120532
84783,34.71604761594995
84789,13.289922750668797
84792,26.683021589110798
84795,12.88043248156724
84798,21.044944017770366
84807,25.690851874240433
84809,22.470305932246365
84821,48.70114565058262
84830,16.616393763926897
84841,37.218583957975454
84842,28.651688118613425
84855,11.52236376802734
84856,14.729991182191139
84860,10.022773704431224
84865,22.97947848066168
84877,44.50258902742502
84889,23.013296497034066
84896,16.7625584704729
84902,15.822141269122714
84904,12.794773905916848
84906,19.804049095110376
84921,17.723422551090078
84926,4.879973657203536
84935,13.949370590858013
84937,31.423710327005036
84939,3.7078736606377802
84941,25.043615731271085
84946,18.99562493381558
84950,5.1945609867769065
84972,16.235017789000853
84974,27.891511008219258
84985,21.843784428018612
84988,29.519610436517734
84993,10.857628147703501
84996,32.01299237592745
84997,32.012993851930645
84999,15.748933353264174
85001,17.989989422553077
85002,27.877115233500174
85009,17.473242288664924
85013,15.006391357385557
85017,31.223238986577957
85018,11.093304368333428
85019,10.273483146096062
85021,18.87434663773934
85025,22.785050880006377
85030,24.294431500001107
85032,12.6053541899289
85034,17.5521717788796
85038,7.117731858438297
85045,19.587678071238333
85051,17.235438583368552
85054,25.19628199978816
85055,34.458705936850734
85056,12.897800058675909
85057,21.63417184565397
85059,2.8199766077352137
85062,23.59537508641775
85064,33.33863288371728
85070,30.56837353728459
85072,25.571747342430566
85074,13.127550023994196
85076,11.678514085998358
85078,22.368419615961205
85080,7.318731957310327
85081,10.125475382460856
85087,29.624808733860366
85093,31.137259599182773
85101,23.894680243141803
85114,4.920436594233102
85120,25.127688247924777
85129,4.18239416068689
85132,18.116798191884616
85135,11.890484005992338
85143,17.286149683183385
85144,17.02151183502446
85149,7.0061436417693415
85153,26.43757023632293
85159,31.242379498404365
85164,18.295987616368695
85166,12.852635630949592
85171,32.489268458818614
85183,19.316891918266055
85184,9.760671805680232
85187,11.600597891435363
85190,23.051166170953895
85196,16.971927919851776
85197,19.991233870935414
85202,12.177730678271736
85205,26.0684209545586
85208,5.880088028486526
85212,28.733235274128457
85216,21.536278292397707
85222,31.45712850091333
85230,23.910381832718112
85231,10.124566167051295
85235,10.153599701330172
85253,45.25588346742556
85265,20.109557667577707
85272,24.54470100222027
85274,23.073761983277787
85275,14.842898710611582
85280,21.03049696827198
85288,5.245309145094794
85298,20.633143883399175
85300,13.471548540332726
85306,13.6712484430413
85311,12.705618499218026
85315,20.76196232727303
85319,24.38303941885535
85321,22.74319547239654
85327,11.929588897473646
85329,31.436645769432634
85331,24.777255154086777
85350,16.587122746181837
85353,13.819086420769764
85357,47.387350977408005
85366,8.687511012895445
85374,13.166849101142788
85375,18.767143597960757
85385,8.800200051800921
85391,31.92459134875101
85393,9.863770496596764
85396,26.15064151615484
85398,27.435710642097693
85401,8.688843488929344
85412,28.043525810576373
85413,44.064348934324826
85419,8.386441267064235
85422,8.93439077160874
85431,32.642815031747304
85435,12.525375430229424
85441,13.214640721039167
85446,46.67116636985128
85449,27.018058455351973
85453,31.297849599591093
85468,12.615479277760222
85470,11.702493356917834
85472,27.714436026728844
85473,30.9553362361675
85474,16.236901152421016
85485,13.841350512249939
85491,29.293154440657535
85493,33.49048317486573
85501,4.880822359038312
85511,12.537288960147304
85514,27.261666974712274
85517,32.460883204457105
85518,32.46088468046028
85520,36.44126930643222
85524,7.8874312727943945
85528,16.597727945833764
85531,40.62497160191296
85532,16.00117422737512
85536,18.891088909822262
85539,9.057262159551975
85540,23.52909825893887
85542,29.39892216006341
85546,18.727977839742184
85547,11.392731622846746
85548,28.959676821725015
85551,5.341620368092585
85555,11.295367020337423
85559,20.66367526612417
85562,15.043518037438293
85564,14.825515214862808
85567,26.802318887911827
85570,26.897121611063437
85574,45.55172897556784
85575,27.602121771903104
85594,19.359790640981576
85598,19.826319536402227
85602,17.632021178806415
85605,22.02176775988215
85608,10.559566463936534
85612,16.960217198969776
85614,26.862796807154144
85620,37.76337644178187
85623,3.861530769658742
85639,21.484272033720632
85640,10.771791584470634
85646,32.3456993566913
85653,14.31392504660364
85654,23.458106503988663
85657,6.765345227580312
85658,6.7653467035835035
85659,43.839362115604075
85663,29.544554601342828
85665,16.361995639901355
85675,10.826576892397682
85679,20.34082141441382
85690,13.262168379530742
85698,19.54906810310229
85702,7.613060060982114
85703,3.896851688449537
85705,16.602244481494896
85707,12.96213138941732
85712,21.157817007030022
85719,7.430709532464903
85721,32.84160261608933
85725,20.776248231319688
85729,28.347852802063944
85743,29.520463478415383
85744,7.898403114030923
85754,16.236172023496156
85755,10.638629489461373
85759,22.571979258057045
85765,18.42799156948661
85768,17.275442536412793
85775,11.608258266342634
85777,22.464025450594864
85779,4.15070891819628
85786,11.540884845989972
85793,26.867240648797914
85799,17.60923917668868
85803,14.484389674719626
85819,28.810205575102376
85824,30.827131629216108
85828,6.607374741596438
85829,6.2835071263458175
85832,11.945462175145241
85833,17.19760126326469
85834,24.531693860545293
85835,34.73510605586429
85837,29.407771897745082
85839,13.88062241884678
85843,10.802747018834744
85845,15.955798731787642
85848,20.4454170415201
85850,16.28020382722902
85853,4.105861344380962
85854,4.8813433881647015
85858,22.316291638463614
85867,17.463273842441946
85871,25.44672814139766
85883,24.091586115152854
85888,13.071332197959673
85896,27.405623864046053
85897,35.17217582244355
85917,11.325745024292697
85918,28.45307629119549
85920,26.460977358985897
85928,12.879809565234822
85932,7.74144561156934
85937,23.16052040934378
85942,20.196337274142838
85945,17.155195308808086
85946,28.029834718594838
85947,3.251439279015024
85948,36.364819341430604
85950,22.768605565412518
85951,22.436529083359463
85953,19.06585728235341
85958,21.264952485336277
85959,21.26495396133946
85960,19.811847206843698
85971,5.630008479498841
85974,30.01949506754497
85977,21.766576326610323
85981,4.680041575341313
85987,38.821014744862126
85994,12.759164027387335
85998,8.86935986976723
86002,12.324417988790568
86003,29.591732091352537
86005,14.4136596028784
86007,29.36070987063022
86008,16.80571513085953
86015,11.399560895706308
86023,18.037262580756167
86029,4.493538816930879
86041,12.537152424749713
86044,17.231410131770165
86045,4.881625304774168
86047,13.309746015038616
86059,7.178286569479436
86074,4.622455588008563
86079,28.915634474764925
86080,15.636723658749592
86082,25.22748714892656
86084,20.438549015611063
86085,7.432961939520091
86095,9.28958488244853
86103,15.179631415161726
86104,9.043111135451465
86108,2.373373958890859
86112,9.13720955142663
86118,13.328467033543252
86121,13.150943606805086
86123,24.865965648286423
86127,10.595567201711578
86133,17.352994805743766
86138,13.772618784537293
86139,4.567892518435002
86144,32.185016740013296
86149,20.20576761126885
86153,40.78469969587438
86164,8.903522371975221
86165,8.903523847978413
86167,8.903526799984796
86172,16.84644997766237
86173,27.24240032955497
86180,24.424808749100993
86181,9.009712396122804
86188,26.572193604367033
86191,16.6505056866223
86195,15.895532056567934
86199,18.024320472039353
86200,0.2797170787485541
86202,27.196481719939033
86215,10.236221746294653
86216,10.236223222297845
86228,17.402873495257627
86240,6.177189915673317
86246,24.613281271622537
86248,-0.2623186212935522
86250,5.695279118191582
86259,11.95890590740872
86266,15.30040825265299
86278,30.712857487679162
86279,28.079354742858694
86284,28.435557082359455
86285,32.22869302295996
86286,28.181673911012883
86291,19.40389408688895
86293,32.08744820710186
86294,36.470461190695005
86297,28.56784170055059
86298,14.535228808016118
86299,12.939176335356205
86300,7.696572617990782
86301,28.009684935159644
86302,13.526017456547411
86309,12.366370674212057
86312,27.80005449027337
86321,12.49635783998427
86323,24.865406249076333
86329,7.595258185475295
86346,39.218950755516374
86348,38.30677257930398
86353,25.21293226919521
86362,11.467221958382986
86371,37.403495587479526
86378,8.13775707945016
86381,20.671094616730894
86392,6.980739748416497
86395,17.377304262600315
86397,1.7259716321032954
86398,21.38908219001603
86406,14.434499013884352
86407,9.952713402249614
86408,6.198451721293715
86414,11.887371166496898
86415,17.301261902666607
86424,34.02088448525993
86427,24.47371989061921
86435,9.179516123065813
86445,15.74386416583597
86446,15.743865641839154
86455,9.865338011985514
86458,4.340208704595618
86459,9.157587371169903
86462,13.186607523139099
86469,32.24368124564802
86472,18.978063293188715
86480,2.67598123196651
86481,4.882268842165402
86482,20.955105641145014
86486,19.665586303705215
86498,28.151981702958057
86502,24.3842630213268
86503,12.124057995251881
86511,28.82863344769977
86512,19.26628852048329
86514,-0.45074579666923853
86516,23.224500725051673
86517,16.164595897627
86529,13.355823831023422
86530,13.355825307026613
86533,4.966593314643433
86536,38.65979757444639
86542,16.6448271038761
86543,8.676971277810104
86546,18.870348068109205
86549,21.57607684947651
86553,24.78278221727491
86563,13.031221182783142
86565,21.6776028359477
86567,27.249130405605985
86575,13.676745519531316
86581,12.715475397130756
86583,22.42255107009502
86584,7.4979710950226846
86587,5.204421993877041
86590,15.824632762508973
86591,15.824634238512164
86593,20.68403927759203
86597,13.552946476040397
86613,25.56992601228043
86617,33.64164904686197
86618,5.478432051295577
86621,33.442280170494314
86624,3.2843751741564304
86629,18.043539368768695
86633,33.77239866644727
86634,46.01539303993002
86639,24.341625652399156
86645,9.308108879758812
86647,36.61905758302353
86648,34.049749665457284
86649,19.917326134942197
86655,17.430641002632743
86658,23.09133645561329
86659,27.34397885538186
86670,13.90459798101515
86673,22.1520593386421
86682,18.27194179626724
86689,9.488550442709325
86695,7.000284683303832
86698,27.442209488691393
86703,31.714873755959193
86706,14.185196524565402
86709,28.097008262538427
86711,17.64619563803338
86715,11.178600500885864
86727,10.298416370288912
86742,23.361693381578124
86753,14.56049919862183
86754,14.560500674625022
86789,14.82135107281896
86793,30.6742594987328
86800,2.314618233767554
86820,30.227104135163433
86822,30.227107087169816
86825,30.22711151517939
86827,48.81750842904968
86832,13.645600606406834
86833,37.890804773694626
86838,27.216289519013902
86846,17.258411409501225
86854,19.588583405412866
86857,28.13320050285324
86858,17.759358300646955
86860,16.336541665538096
86862,10.075061763623914
86863,17.062220793257314
86866,27.850664326593392
86871,17.244895156070125
86872,13.714971293407906
86877,19.361644099673722
86886,28.680444049322904
86887,16.165142018807632
86890,26.144855820098062
86891,25.97538813406778
86896,42.812522434945734
86911,15.823700123863414
86916,17.323465667888957
86917,10.107383847530194
86918,12.482975496253054
86923,17.706681500454845
86925,26.85753833361721
86936,8.250587562893038
86940,12.533792896904949
86943,9.992598079948674
86951,22.155052422551943
86957,6.5152303732159496
86969,38.69795134675802
86971,6.984489618379563
86973,14.569668715647484
86978,14.45077004571694
86985,9.533139726083693
86989,24.159361209367948
86996,16.088972225249183
86997,14.78323833835498
87001,9.673128966676998
87006,22.473308790484953
87009,28.93464389063909
87020,0.6917746788638723
87023,13.158629747103916
87030,7.830550496416045
87035,21.940556221512363
87036,30.83662352099866
87049,30.26515382280903
87055,27.773300392699934
87056,22.454453417066052
87061,16.644833066160476
87062,20.03649556049759
87063,18.67970827663186
87066,7.806205007389799
87075,21.181085247286834
87084,23.003513590278818
87094,14.030058112378402
87096,32.17896598558859
87097,5.247979234867152
87100,28.18549926982548
87109,18.76941424190014
87112,25.498949003261234
87117,22.966981855796664
87118,28.752507451265405
87124,14.432317519379726
87126,12.83318511592001
87133,5.286261896459976
87135,13.0901500937455
87136,11.629349365426826
87146,12.842871660838199
87149,22.970109155522163
87156,11.575908116268643
87159,24.021490072028048
87162,16.492383128805702
87163,15.292958080439686
87166,15.834817165149278
87168,27.06223121737482
87179,21.307650326419893
87187,15.66649318891329
87191,13.853091783860272
87197,21.794196319113386
87204,28.780220346743153
87206,2.382164239393809
87216,18.738319373040294
87217,12.16391485356852
87219,19.962194439331196
87220,18.6142022900443
87228,19.426505079591404
87237,15.526009175491861
87239,9.27410744004084
87247,20.960799438881995
87251,36.510203463139035
87252,30.918349275000214
87258,23.956130307429728
87264,28.752017024356608
87276,13.09110230765122
87278,18.446504379039187
87279,23.15207525278976
87283,14.461084305024162
87286,15.426596932781951
87287,23.911341852111082
87290,9.859903274400882
87292,17.92920138530018
87293,16.38300044016734
87305,19.931507044164764
87307,28.823702764024592
87309,7.3842680709558834
87311,11.007006809441073
87312,24.57852728621715
87328,3.8956223779231323
87329,15.14901281787738
87332,27.66985550856835
87335,21.75810258537476
87336,25.722492124691296
87347,33.6418639583825
87354,15.748472543985276
87359,22.387804365440058
87361,24.816819286040516
87367,16.34369889900258
87370,28.49577984593044
87374,24.39395021596005
87375,28.896273646269076
87376,11.870565788433588
87380,18.184008272685293
87384,25.087529468328466
87407,9.212276018210598
87408,13.133779230313785
87417,18.200084949753364
87429,10.68174490869449
87433,24.420831722403538
87438,25.338505908221716
87441,11.048928296805816
87443,8.025608588253917
87447,13.172638519731375
87449,34.12383001969911
87450,15.293381693355482
87457,24.005659061624105
87458,19.804254167149605
87482,5.013589106557475
87488,26.852283004559684
87500,31.820429840745764
87503,12.666089138748195
87507,13.47158840610772
87515,34.341913246163074
87521,25.81067094419021
87527,7.096766022380486
87540,29.637188071669787
87549,15.300074553803231
87553,20.05717681003971
87554,18.216573912271446
87563,49.085175893099134
87565,40.56042001968014
87569,15.516574888781829
87570,15.51657636478502
87574,23.697551449806067
87577,34.106966771199666
87579,25.654788144052734
87582,20.76899318130295
87586,19.785785485485516
87587,9.926940435757267
87595,3.018140355487972
87596,4.494572638855438
87597,23.597705906325846
87613,25.211574435272897
87621,25.19117451801151
87625,24.441108314030597
87632,7.240519731847037
87641,17.71051570712662
87649,26.568435376005343
87653,19.493158798281886
87656,13.262716855520885
87658,14.615317755477431
87662,9.764329341587306
87668,10.41429809377761
87669,11.368772318890485
87675,22.284665805646274
87679,17.04066460982906
87702,45.547626785201274
87708,22.994050648938018
87713,14.194239493072121
87721,16.94921437878438
87725,29.788506061919858
87729,29.720593873181873
87730,30.533414099140597
87734,12.436795114051485
87741,5.983953070080084
87742,16.64693655107337
87752,23.218592319814203
87755,25.458540090754102
87757,17.378853329953078
87761,26.164988023919026
87765,15.906513767146581
87772,16.631151892061272
87777,4.543847094379032
87785,37.22710343335363
87788,17.54652053572936
87793,5.025375480089274
87798,16.665597307530273
87799,30.35204850932259
87807,7.759458518028829
87811,14.325915044556286
87817,17.89098736861271
87851,44.440358163595974
87852,5.369560023694504
87853,10.349227140529777
87862,11.187034080678167
87867,20.38112392990629
87876,23.243645251386805
87887,7.101116744527939
87888,8.438783921449563
87889,7.598850616150223
87891,18.306200390521244
87897,16.344481180693766
87902,29.29671308435083
87904,13.253848660024211
87910,12.433688327229696
87912,42.555422997069485
87923,16.814580400716377
87924,17.520772399660704
87926,19.13169935449925
87929,16.094442085825253
87949,11.328744262776635
87953,10.23456426550733
87955,30.1715764412106
87960,37.26976989543037
87961,48.815872204830995
87975,6.5167329444642945
87976,30.886925563501
87982,16.611659160634876
87999,13.993860486162763
88004,8.300648032629233
88006,14.100268061564154
88012,5.6832067163779385
88022,7.59182687561394
88031,19.585268442896332
88050,14.135992319270972
88066,5.698693220797814
88070,27.525104949825145
88071,21.826459638223657
88076,11.805633453053282
88078,11.805636405059666
88084,47.13671062631005
88094,32.87108332944591
88103,17.665658148706928
88104,17.66565962471012
88115,15.095371240617144
88120,14.723084724684075
88124,21.381097860018027
88136,52.11779907099947
88144,21.794139222209562
88147,35.15158285491847
88156,28.765939421022072
88160,5.385511628606331
88162,25.186278735851733
88169,7.572005115848533
88172,15.190582757143115
88182,33.36962281725313
88188,7.129228066937813
88190,8.529705254346958
88191,8.52970673035015
88196,11.356355441108718
88204,27.6526149647484
88210,19.28531661835088
88211,27.42724502465642
88219,22.782192285262784
88220,16.099460325086863
88222,56.93378339204661
88228,33.7524947869055
88232,17.21369522255235
88235,16.310579015358524
88236,16.310580491361716
88240,19.14679394180145
88242,29.92035266033324
88244,22.82651335730009
88252,19.557597075570175
88256,16.09652117623237
88259,18.936886296698024
88267,12.12341195894438
88280,22.027312333123806
88286,33.90893390916324
88291,21.152089887638983
88301,19.935495122277235
88308,25.263865052298396
88314,4.170781507529789
88315,31.00255761517791
88320,19.33324952149525
88322,35.65451214191671
88323,42.616090606007745
88336,21.698078916293678
88340,15.074976644969244
88343,12.294995320309177
88346,31.362782189379995
88353,4.76700147125991
88360,26.27709811289657
88362,24.119225091571227
88363,11.430256231002687
88374,13.789246389603484
88385,-1.4147185125614357
88386,-1.414717036558244
88388,9.678197754408238
88392,18.98186055451581
88401,28.522602630035355
88402,30.73151006557183
88415,12.953356000915832
88423,19.845327924613773
88424,26.0599350667534
88431,16.925246077285795
88438,16.072945602642424
88440,24.002404264200248
88447,29.10821062312083
88456,24.087409004207775
88459,21.85309307340299
88463,19.336587434115938
88465,10.173187258169587
88466,18.67436085282724
88468,6.054264158596773
88470,11.633441478978632
88475,28.044614552578455
88480,13.901578144557583
88482,25.689888661098532
88492,13.046352411965024
88504,11.584315970850945
88514,11.544911382694778
88517,10.44440192310983
88521,29.524251409755824
88534,45.227758766602065
88535,18.202956814667
88538,6.914299015595102
88541,17.95670800518531
88546,18.282634426150896
88547,47.45657263168934
88551,29.34863507823624
88556,23.00427248980056
88562,5.591320739284846
88563,13.941771124928234
88565,18.19008877039757
88567,19.002549958809073
88573,14.85386639075259
88580,25.64045896319654
88581,35.18340997984561
88585,29.129619575298516
88586,19.09248748861214
88591,6.291842855008603
88593,19.373878204123688
88596,9.171972217182535
88604,22.500395193557754
88606,14.171865858785647
88607,29.046352494152718
88610,32.95008198327319
88611,42.71273184254942
88613,16.374898445698054
88616,10.65509414103051
88643,22.55340466437921
88645,16.63175756767126
88647,26.247614649160102
88651,28.12048020234295
88656,22.795547489720807
88661,21.612561246448156
88668,19.916275616170825
88669,16.697657986186346
88672,9.059855222726533
88692,11.580271668285327
88696,36.32233021430905
88697,19.948156625315786
88702,13.21233056280245
88703,7.201299235462265
88705,19.002928491529406
88707,10.837808395570086
88709,11.011605992442718
88711,26.256479986126838
88712,26.256481462130015
88731,10.632325677102973
88740,12.590559832432326
88741,33.6896082434741
88743,16.58108924167549
88746,13.780441232342561
88747,25.806404022068573
88748,24.88301676856256
88760,9.14843650437006
88764,19.019318153145836
88765,6.205855887438112
88766,6.205857363441304
88770,23.189852477478585
88773,34.15024098331496
88778,45.68365416270758
88788,28.615705218882173
88793,20.442547508255235
88803,11.21207614890897
88810,11.008888782203478
88815,13.969807005816396
88819,23.600292093339565
88821,13.871594841746123
88834,2.6084704142679627
88841,13.46007464287495
88843,31.916017771557986
88845,18.070621426000177
88855,24.91935842466724
88858,2.9472005927340277
88867,16.686304211831686
88869,40.294623439380246
88873,16.216983274110124
88875,4.34377620430805
88885,26.877011653747733
88901,4.007642038808612
88915,27.547816180024842
88917,39.786560012525825
88924,30.15526037187478
88925,11.01330811067011
88928,31.003275568323236
88930,31.003278520329612
88932,6.130612546038755
88939,31.24970446510277
88941,5.007512321549591
88948,29.145498758768024
88953,12.35548154919956
88956,18.229938541017855
88961,30.158064432623195
88964,38.28502208524445
88966,14.959387808501827
88967,24.774986410909538
88978,24.572215028623493
88979,13.698877027934977
88980,15.987887370445396
88990,18.348317350362866
88999,14.295486624086092
89001,33.08308258849982
89006,24.663367319183795
89008,13.5940975212878
89009,23.265848682713457
89013,20.364732675183905
89014,19.214123339712874
89018,25.039646596009685
89019,16.86393213686441
89021,18.083339254020235
89022,18.806579952259614
89025,39.180979210483414
89026,40.75511110524289
89031,14.234635263045437
89033,18.93749526240941
89038,33.31467307769077
89045,14.052651183828761
89051,34.52649502277188
89064,19.58104111763735
89068,26.77864956326839
89069,31.054994050621016
89075,20.805676216727395
89079,17.526822099671424
89081,15.275661557939802
89091,14.810630891775151
89099,11.797881617373047
89101,27.143745429145678
89105,14.336005425227118
89112,9.320735831099185
89113,14.88433675795476
89122,22.52917564052854
89130,23.243147319331587
89132,7.892756692307195
89136,15.711147937358437
89139,14.715950779467864
89152,14.233946124855922
89166,18.88454645186683
89168,24.22151732026546
89169,25.504144559280764
89172,12.29477968175464
89173,12.012931042958165
89174,23.450877727415236
89175,31.941346644133805
89180,21.97710652906306
89183,28.823226307382942
89193,18.598041506100476
89195,-1.0602118062840198
89200,43.03503994832481
89213,16.95479881732192
89216,12.6102377296647
89231,13.84687962020309
89248,23.933518305307448
89250,24.309574983313748
89256,19.443415958888455
89260,19.64416911988418
89269,18.83918557964441
89295,15.622870317058759
89298,14.63630233897641
89301,33.54199263791247
89308,18.383546919876995
89309,18.383548395880187
89317,20.993911940565145
89318,11.706349651217263
89320,7.82979923554025
89324,18.219338254166598
89337,34.38655429775959
89343,18.359720141113673
89349,21.294607592222864
89352,29.63986258945172
89361,15.786808048704831
89370,10.008084306070707
89387,23.878058668206545
89390,33.87169250551068
89392,10.361885904706547
89401,33.82042714647214
89412,13.65475858701074
89415,33.73704278403055
89423,54.825917836609165
89429,13.97416572592402
89435,29.282506920367158
89446,30.88562696633613
89450,7.263522287294574
89451,18.009593789355524
89453,12.880956560753777
89454,12.880958036756969
89455,13.67022087346598
89457,23.50633146058799
89466,19.365505725336778
89481,22.981131317770572
89492,26.07240366808971
89495,15.597079648809771
89498,41.98490858271731
89499,41.9849100587205
89508,34.633434853534595
89509,8.18107139892275
89515,14.803289634610234
89527,21.12680147784999
89529,8.76332956679991
89533,28.023009530257813
89538,18.4903456238759
89541,7.456418501382835
89544,34.47059096140336
89547,40.09729369419452
89550,22.866812707625716
89561,12.010364670110427
89562,49.53680196225146
89566,8.400931779023793
89567,38.063311029418756
89569,23.324019968159714
89577,20.155759417186534
89580,25.485274777782276
89581,36.0736719244494
89599,28.341788239766398
89605,31.716283530171214
89609,31.94262254185497
89610,31.94262401785816
89611,44.93684712177928
89615,19.758976054719273
89627,22.77573389521581
89633,36.15371980046244
89634,23.07441758020261
89635,40.002085583179166
89638,33.87304928782382
89643,36.9428489805575
89649,21.121042059828657
89650,14.252345578723766
89653,11.86840759067287
89666,8.078022384857881
89678,13.484458952577988
89682,15.297783790154451
89684,11.371758855797559
89685,17.231633461757102
89686,44.85208998106626
89687,24.85096437931873
89690,17.573227695785665
89701,6.994693012893229
89702,5.792817141300937
89708,14.795063690291332
89709,23.47390734481697
89713,29.047984953681866
89722,27.42546965929672
89724,25.16906647811901
89727,13.24085331137261
89728,24.670444254150386
89735,13.342358103623898
89736,38.46320575949605
89737,14.202486011374393
89741,7.6074879615497935
89743,12.698001761033119
89747,14.213095053485116
89751,22.792108748800064
89754,30.053343090223994
89755,11.912920407529718
89756,11.30977679454616
89757,38.80276850310956
89760,19.32989463473427
89768,14.923357743371586
89776,32.78592307677559
89780,17.628342466179905
89781,26.38870684723452
89790,14.45906439674987
89795,19.00085696557503
89808,11.057375281687051
89810,4.887182456787947
89812,29.361298578163844
89813,24.712607519973357
89820,19.32317085877185
89827,33.46474923034067
89836,12.397244432877194
89839,12.422994946051112
89844,16.875839775338722
89847,21.285449062986945
89855,19.401803177697733
89859,16.870667808482427
89865,32.36206878422723
89870,16.550134882488837
89878,4.811657415229881
89881,15.217236264161162
89885,23.743146218879733
89887,26.603473313762624
89888,34.91634065975376
89889,10.5842046862303
89891,18.130016214559635
89898,31.757915451598922
89908,27.491117661936936
89911,30.973972113990047
89914,21.38481991719276
89924,15.461531669908378
89926,13.336889125969119
89929,13.257112487966193
89931,42.011972801178516
89933,21.59979250167756
89935,14.090202011790158
89938,8.336025202383496
89939,12.888950444124397
89960,34.21483767930887
89962,6.02236368411894
89968,17.912823504999682
89973,8.42079497067677
89975,13.250380092824372
89979,31.82131751920971
89983,12.665721933764715
89986,10.016615226864147
89987,9.41240023505533
89995,16.961982416057598
89999,16.29271897993448
90000,21.830035923216986
90001,31.161528853066546
90005,18.8387822701367
90014,12.928556796674748
90027,3.715383564873136
90053,20.715725591603718
90054,16.139503807211494
90060,15.002984432860888
90061,25.665393571363207
90078,13.99910017964979
90079,30.956075417544906
90086,12.397574540796661
90088,42.40925511691137
90093,12.22557643382316
90100,26.1009522440616
90106,19.062049389555195
90111,35.61696765859925
90124,20.99173780102036
90128,6.886985650513672
90136,14.721737075981348
90142,10.43367643274319
90151,14.703746541931299
90152,18.302747096048538
90159,8.886239742303516
90171,12.118560982184967
90175,15.657447650975886
90180,10.51374463831425
90185,24.634687582926308
90194,15.876792876418936
90197,30.480964659197145
90200,13.637472278402498
90214,33.962011884209616
90226,9.286339757236377
90227,25.957064206447694
90233,8.303938043741773
90248,1.9138429447082999
90252,18.854091065186108
90254,24.164180359786275
90255,29.992573854351424
90267,19.77216554997292
90269,13.593524255743926
90275,22.037804060121797
90294,4.755745609013566
90305,12.459846683629394
90306,18.893818877344817
90309,14.65038650808923
90313,23.246077581274452
90315,17.94963751761262
90318,17.083958961967046
90322,31.77807912602636
90326,20.637681395025513
90337,27.584062188730304
90338,22.168664118949064
90339,21.58377427031778
90340,22.387138736878985
90341,42.40920067825071
90342,25.78135121938976
90350,20.81072124155359
90354,28.36254986394542
90369,26.776644862378223
90385,34.489888879623294
90403,17.456654774717368
90412,18.209733257722558
90413,17.875974988252477
90420,10.798294424486052
90426,31.35231948250193
90433,15.6761293014513
90437,29.533417273584423
90446,19.448631337423326
90447,15.916320000819955
90450,7.8304851674331175
90452,18.81128611286994
90473,21.27459904587346
90476,39.457912304880864
90480,17.77809372134411
90485,6.49505196098854
90486,37.08337856004795
90499,29.097248631717694
90500,29.09725010772088
90502,30.00732328705671
90505,20.11529428753909
90510,29.57337714329567
90511,37.53107593062494
90512,25.222791770296734
90515,34.98546846763875
90519,22.003095588788103
90530,26.257549707360138
90536,23.06137689218647
90541,37.761948993443625
90543,22.86049999312694
90549,25.816661604099725
90550,23.269066854443953
90554,19.29665808197799
90555,19.296659557981176
90556,23.546378840593622
90557,17.88735117168994
90559,52.06320105319848
90563,16.376670948152796
90565,18.59873649883834
90568,21.79514052357671
90576,14.460083636841592
90580,18.807353724546484
90584,9.975674626938279
90585,17.473749415159478
90586,20.787531070944663
90587,9.486662216473214
90591,27.621480678659697
90595,16.05400466651705
90601,20.715110361348938
90603,34.84662187957164
90608,22.028395144635713
90622,19.576293995979672
90623,19.576295471982863
90628,25.709873236512212
90643,18.026512411517704
90646,26.94918021815357
90652,11.91424438239197
90655,41.43940392934569
90656,14.139838783586487
90661,16.24440706091905
90668,20.041716492587785
90670,35.7224946774778
90672,9.007950589002029
90678,10.840717597859374
90681,31.974335398824127
90691,17.695506838725496
90708,29.030913697786286
90711,17.584982881931847
90712,17.91018835626834
90713,26.27757011190698
90714,26.121590052744583
90725,27.580455496335016
90740,8.304686377359566
90741,21.872237650936594
90743,13.872669056631374
90746,18.141754893230026
90750,32.693310200632396
90751,5.837540719965894
90755,12.188406624075299
90756,28.290146372589785
90758,19.371258537470258
90761,11.33154586363111
90771,22.251705421488072
90773,36.95200898020768
90791,20.257753897492083
90793,18.466178882074306
90794,13.502846705204984
90795,16.067065021602946
90797,16.590773638649868
90798,21.032719642152156
90800,6.350920556521444
90801,21.518147737833775
90815,18.187917761663275
90817,20.43696448010046
90829,19.671083598893485
90839,11.740523829958704
90841,9.593781175616876
90843,27.55129673047738
90844,26.283273939967916
90845,11.400551487752189
90846,25.296285155846444
90847,20.152994376050717
90849,20.48348612899066
90851,17.031116431959834
90852,18.532840674280553
90854,13.219270869198859
90856,13.977112019666723
90861,10.896322335693885
90864,37.22503767070651
90879,33.552637813140606
90886,37.09056740154115
90889,11.182951990950862
90893,32.05622991407634
90895,17.54814801414857
90901,7.980506076136013
90902,30.819528717145058
90906,6.333345618956891
90909,18.510726612426286
90912,22.95128534868218
90938,12.391728975073235
90954,9.123793664410396
90958,24.38535685661488
90962,13.400028680553255
90981,9.987282885195029
90991,22.43785498331084
90998,23.213901014633823
90999,29.21073229819829
91014,5.231480216989986
91019,12.958335339948302
91024,4.566646812494604
91029,14.401146773175316
91039,21.32128951194016
91041,13.756280645429232
91045,15.554919596569082
91055,17.979217277281865
91061,10.094325865737432
91063,19.75866291638439
91066,5.084269959260077
91082,19.766382417575333
91083,21.109593355696777
91086,23.14192190295805
91100,36.62984877888627
91101,11.373837961841694
91107,6.13382285297898
91112,20.97141677943573
91113,32.52217609389061
91116,11.373872492366942
91117,2.103855314763493
91118,24.672495898585748
91125,27.103441801297993
91129,16.370989891933977
91141,20.700237165047174
91149,6.162084553655475
91150,6.651302182290657
91153,14.733674116969016
91154,28.196971115305065
91163,25.188052042660868
91168,20.58845469636744
91170,24.96543402532041
91171,32.743781125909024
91176,15.50403772817933
91179,37.932765878504554
91185,33.05488726218218
91189,4.076856060793553
91190,14.252961957145448
91192,14.948178835050445
91197,18.829347290428533
91212,-1.912715378935804
91217,33.588849012643124
91229,18.14091693922855
91231,14.983102875424027
91233,13.685000029904984
91240,9.843977366622006
91246,14.241296455340777
91249,20.25293319745447
91251,16.193563273407523
91253,4.347286139896035
91257,2.574572361592587
91259,15.163513265706417
91264,22.268321382151857
91269,4.357806901080089
91272,23.307934046839254
91274,11.27797652546424
91279,32.778839671804604
91294,20.44623899223571
91295,20.4462404682389
91297,29.291786291594608
91301,24.043019346697452
91309,40.440671137744644
91310,8.181224217689923
91314,5.390187324163627
91318,14.698085369381776
91319,18.284424089391326
91329,58.7607393575631
91339,13.272500357114662
91346,11.588510771919516
91350,14.882400039100776
91351,9.9004863948145
91353,19.918055881996228
91358,21.96534069411391
91360,17.71736919695505
91363,29.2101632751903
91371,19.76156791632251
91373,21.927388251335284
91374,25.388401855032686
91377,34.55755772946466
91385,25.364999043701633
91393,16.406072774901236
91396,9.696636027520789
91399,15.508821605138468
91403,23.535310161863503
91410,13.909937406666934
91412,34.89881334049801
91413,25.43451216432523
91419,11.477348822577468
91421,12.772219498195696
91429,12.671448662703273
91433,8.482895084368607
91434,15.658466541943039
91441,24.275569492249826
91443,22.436680093374225
91451,23.56907451757971
91452,13.140233247484197
91468,19.813734628049136
91473,21.643895639278316
91474,8.447415119028072
91475,14.512142902033919
91482,12.022761310727596
91486,23.8428828461001
91487,22.712679010906104
91488,15.225673776845984
91489,17.053715346923457
91495,23.29656126794301
91516,29.452827965103655
91518,15.91717184527963
91520,5.874135357864866
91521,9.156581967619623
91524,35.445944318396485
91528,20.629432810200743
91534,21.376056563876492
91535,27.909269140479527
91536,27.920650575487965
91542,4.758013493823569
91543,5.316752888938254
91549,3.7475548621803867
91550,34.869329057999806
91551,31.724734752318344
91557,15.158795433251601
91560,18.581744001957286
91562,13.003198938064152
91567,28.898259108625158
91570,41.31558776590933
91572,29.051436615995247
91580,23.34431756166929
91595,18.96255525111091
91600,22.456458828922866
91602,15.299510058604138
91609,34.83631261897432
91619,26.52424908775595
91621,11.491077738771235
91622,21.224619237449655
91630,12.293478010200033
91635,31.062674417914526
91642,24.97974730992254
91643,10.332310806302239
91648,7.170744292270619
91653,30.604511190491028
91654,12.389093219601449
91655,23.638577523918844
91660,35.191592369615606
91664,12.616642044266559
91666,25.406539578749797
91674,24.456501727534903
91677,41.90971422014731
91682,31.530308251818315
91694,28.747532963021857
91698,29.069673869319313
91711,19.976626496111503
91715,17.512578562510765
91717,45.02043207831828
91727,10.221554872228047
91731,16.51963812173695
91732,10.869889734932787
91745,19.643634676551077
91749,12.716452805577497
91750,18.172675014154965
91764,25.502454208434532
91774,6.680767589469234
91778,3.1559651903897716
91779,3.1611006089530207
91781,31.288056825477252
91789,18.223038039466562
91798,23.2226216006008
91802,18.375932137763964
91803,23.89816791407502
91811,23.57063065811261
91812,41.13579842273515
91815,5.41513245369984
91816,22.779176646507903
91824,-0.26308058087690256
91826,20.773244546826493
91833,26.84680295207892
91837,15.673284529433605
91841,5.477150787181195
91850,18.628824214631297
91852,22.78989715836079
91855,20.01848606563591
91869,10.503333363530952
91875,3.6853400644922942
91881,22.977540058230833
91882,22.1682229418165
91883,32.982811192136694
91884,18.18949560907436
91893,26.05186058222664
91898,22.533333103471332
91924,35.758924489550836
91927,11.758263389050168
91930,23.807930973123515
91933,30.782930494175798
91935,7.246870973577522
91937,15.102770544829607
91940,19.943448590381895
91944,11.375082232531632
91953,34.019667770088645
91955,13.665367017688837
91959,11.24742764678717
91963,23.296863152869914
91969,20.95964561918242
91972,13.426758933376895
91976,15.339875574281972
91977,8.31273062912329
91984,5.193377986737694
91997,6.2626630110010595
91998,17.91182830608422
92000,7.21755750633713
92002,5.638910254743223
92005,39.85875987742463
92009,17.680930738947783
92010,14.94007153492132
92022,22.634400047655607
92030,13.34469543061342
92037,37.10274600987418
92040,32.48712235663723
92047,14.033090349205754
92053,31.147532581391506
92059,35.624829660293784
92082,15.778032164969094
92088,37.69655319083806
92092,25.371435543388262
92095,30.10288852951646
92106,6.475602136387813
92108,13.275373696024836
92123,21.45830529703819
92133,16.570802536171815
92136,39.7840180234363
92139,18.55673571356819
92140,22.355477771636874
92147,12.595426323784093
92151,20.678261631895072
92156,10.780446581391438
92161,20.048637626474903
92170,5.297323500754395
92175,48.68674659922344
92182,6.31523801798717
92183,27.241835114174688
92184,27.03174707329165
92185,29.13450603147915
92190,11.735036053121004
92197,34.97537083908749
92202,9.753454152294342
92206,7.016559796287595
92211,18.72991987441178
92215,15.67391689830237
92224,25.03586000444246
92228,12.032682076008168
92232,18.52440939051657
92241,8.937960578091648
92242,9.476049214253614
92264,10.94016365099916
92282,25.53773285996652
92292,13.101243231046357
92293,30.93559496264213
92307,30.71676004750437
92309,3.7487281167692785
92333,26.963793132754343
92335,20.528464242329736
92360,9.461267314517908
92361,9.4612687905211
92362,31.29988546581284
92363,9.688462236869391
92365,29.953746510185244
92367,11.355108111583924
92369,24.88822409514484
92370,31.410781164418292
92371,33.26306477021207
92372,12.166183456380889
92374,32.89261300866261
92387,53.16060350114249
92388,17.245316810270854
92392,0.44854080404804364
92393,10.998499531768147
92396,40.93080869271252
92399,24.972691681439063
92400,23.33588490303521
92402,23.630923215842625
92409,23.040173554429284
92410,4.347442202639719
92419,9.336337107051563
92422,19.265735517449887
92423,33.10529255397137
92432,25.205754806301602
92442,14.617497054542572
92450,21.597872870986574
92451,18.257972732104083
92457,17.99995943549286
92463,22.626812852228408
92467,14.342163471710162
92473,27.269472047113968
92476,52.492651402125205
92477,16.9511551781091
92479,16.7142122408107
92483,27.4723502089894
92504,21.995310673821994
92505,22.09293067802557
92506,22.092932154028762
92507,10.908408694735908
92514,15.195548558992744
92515,19.81930413618061
92520,31.86141493147038
92525,29.64976564436785
92532,13.71496622648694
92537,30.97359541664751
92540,15.159684763336404
92545,28.276781068169075
92547,23.646641893935897
92548,22.616311601579195
92549,22.616313077582387
92550,22.61631455358558
92554,11.674782351140092
92555,28.4648337143547
92564,14.37130600010811
92565,32.49272035628623
92572,35.9810256777331
92576,24.52695471539548
92586,18.185734563755478
92587,15.919478647648507
92591,10.933524785649347
92599,24.42987476731629
92607,18.9176229318028
92619,32.79001587118634
92620,34.480624977922204
92622,19.561594049381558
92623,24.734094458241362
92628,13.303080345571992
92636,24.675557419080757
92646,29.074168343365574
92652,26.218416645317415
92653,22.759819181260912
92654,18.23220901107341
92667,25.237206629938715
92675,7.8835416722595895
92683,11.413953493807863
92696,35.53535956720866
92698,10.05479975620269
92705,29.062644353345494
92709,33.787138203825066
92714,29.35585286771337
92715,4.084313711414197
92716,26.967461324819954
92719,15.118643777912656
92720,13.33670646381384
92729,13.636787313873928
92743,32.12899590083849
92749,9.20625967458934
92767,23.810659893211866
92768,5.669849606231203
92777,28.696095379706183
92781,8.247952519768745
92783,11.27411293448312
92790,33.77339742478826
92795,21.293255490408495
92803,31.21691723620322
92804,18.728645993982415
92807,7.814204723446913
92813,31.497904092200866
92817,28.5144608791019
92828,14.32883926260212
92832,19.978900932105365
92852,11.837849265859582
92853,22.361110392651643
92859,34.84995174277033
92867,20.84793815556404
92868,6.658354714316111
92875,8.065268211147774
92878,10.751469146215822
92882,23.73313996036244
92884,4.992054621833866
92886,31.094382363013484
92889,18.52751445278044
92892,42.88277067944598
92893,32.43889982774044
92907,33.39580992291418
92914,22.946452436640488
92930,22.745339115320814
92940,18.97164061982107
92942,10.292643184331439
92948,6.4768449310745595
92949,7.579060411101089
92954,14.514669897667464
92955,14.514671373670655
92957,2.750487737219153
92958,14.04765654455333
92959,22.959093310011045
92969,26.212000676381503
92970,26.212002152384695
92972,26.21200510439108
92974,16.08698766521157
92975,30.058354910749085
92984,11.744157272309316
92990,15.060392612123056
92994,16.666528233134233
92997,16.258422932396964
93007,20.65088053142996
93027,26.05600834898853
93043,18.87416633751609
93047,23.396186502780058
93062,39.99000429607837
93067,10.44239453162539
93068,9.01956388168297
93083,20.85920485047148
93093,25.007783437787463
93095,38.54849180901384
93099,25.10175034953873
93101,19.834730771842406
93107,29.350164014009355
93112,19.90656644519976
93118,8.195967930082979
93119,33.78774336513334
93127,18.3304503693218
93135,9.174745127078307
93137,15.917704409426367
93140,23.57957585598673
93152,12.13776339658235
93153,12.807459856557557
93161,17.360214474828698
93166,11.542100057564415
93192,12.94362860718423
93193,12.943630083187422
93197,12.065357323973025
93202,22.140806170839358
93204,10.554961648299802
93206,16.086082622675956
93211,29.466002416527058
93214,20.179811015749433
93221,19.532010100524783
93227,15.37060208870324
93229,14.073270030774555
93233,33.5393600358976
93234,22.82127685688737
93245,5.88663578940335
93252,23.24302041189598
93256,13.415560480279428
93259,28.386645649154463
93277,11.820524188336453
93279,11.820527140342836
93282,11.785598535445452
93283,13.868100960980609
93295,20.328170078457443
93298,11.581838258812006
93302,11.503473478322299
93303,7.219480738494887
93304,33.186536400350974
93308,11.542309650017526
93311,33.15963607771384
93322,23.93105634722691
93323,17.662664974511703
93347,18.838833371217174
93355,16.33075115687709
93356,12.382449333235378
93358,6.772860931272341
93374,45.77643007093323
93386,37.79924310997123
93387,10.519970183980682
93401,28.237671757639607
93405,5.555415843759654
93406,40.70507994370314
93409,17.150140423758362
93414,10.183585863131597
93418,16.8824639308614
93426,33.84042107156242
93428,32.69400972732109
93431,9.410717362791814
93442,14.491862374776534
93445,25.587326865616372
93453,29.975942201017542
93458,32.02699353532189
93460,20.712966545037904
93462,7.801920278480466
93469,25.00780082235102
93470,14.270932690107248
93476,14.320422106533957
93479,20.971542701838356
93483,37.08288938151247
93491,15.479293801185637
93496,13.15097375696557
93498,20.077602750449262
93499,25.852470859062098
93503,23.656649410619895
93518,41.07882190500635
93535,17.883680583924725
93542,37.69869929947764
93555,21.555496249937438
93565,11.23271608033182
93568,17.04865455068911
93582,21.916837142359686
93585,-0.4568065862665591
93590,21.56382806575183
93595,21.785686215336046
93597,3.879899316786272
93606,26.302439068454657
93611,24.16913530249815
93615,26.323027721167183
93619,28.825983022468623
93621,18.110780381852113
93628,15.567304483498678
93631,17.954592432085345
93638,24.601432407345765
93646,22.521648543010965
93649,6.980689410937412
93666,42.11577909760038
93677,19.00321052447173
93680,22.8799381641843
93684,33.91641784872459
93686,3.0428632297196785
93701,18.65098889840151
93705,22.20569100946307
93709,14.926428104864176
93712,26.90198279514563
93718,21.327111541847966
93719,14.353026614530467
93723,16.363372747319108
93727,21.088463504259867
93739,18.067874520258396
93742,22.987797479624827
93747,16.138618408979358
93752,11.271597226029137
93767,19.10500395768368
93775,19.0747656981552
93798,40.410577462533126
93804,9.535160663608412
93807,26.077662188510022
93814,8.79792518936744
93822,1.8965878602265676
93829,25.5926017392653
93836,26.590241154963987
93840,20.96149631671236
93841,18.353628162986656
93847,24.64192486213786
93853,23.524346510959813
93857,5.636678576536632
93859,8.206891467417947
93864,20.441461861823175
93865,24.90946179467014
93873,15.684974286923481
93876,24.10552423176789
93881,13.507403127055323
93883,10.133931107610358
93884,14.065797154152254
93892,35.253015360510915
93893,18.054261055947467
93895,32.75202631875598
93898,12.617408654220775
93901,13.209145763971527
93905,18.292241837964443
93908,26.784081891370203
93913,38.59155794605515
93915,22.060022553113736
93924,25.410519315046574
93929,12.728278234032679
93936,17.47946096193702
93944,12.268673160260839
93954,24.256590738005347
93956,9.48836929780385
93963,9.511672043411671
93969,5.943111475741052
93974,7.374605085342786
93990,23.37994034976344
93996,24.2510205984962
94003,11.320511279805096
94025,21.87443641105109
94032,14.655753318982445
94033,14.655754794985636
94038,15.235554751918276
94040,13.755396106906915
94046,42.82594975547039
94049,22.281587505636328
94053,30.639556190263985
94057,22.637403714149105
94060,20.843349790560875
94064,13.857561278462263
94074,27.93252809726103
94075,15.061994075585194
94079,44.65851455944379
94083,27.145184287473572
94086,15.450938203444952
94089,15.800068416354247
94092,11.071471482454996
94105,19.702501192768803
94109,29.34977544919248
94110,7.335677934926501
94126,6.30477790439371
94161,17.998563174493132
94162,5.33761703259615
94165,22.12096129249441
94175,12.932855302606
94181,19.60075096816318
94184,15.866656598075767
94191,21.788344782151615
94197,19.6646643333054
94200,15.876393677625988
94202,9.282678745442293
94204,4.976214111249469
94207,23.49992450278148
94211,24.098988036035006
94213,24.067297895785973
94214,24.067299371789165
94221,32.18003666995061
94241,19.922318579211566
94247,19.563992554566784
94248,19.563994030569976
94251,9.32869225549414
94253,17.164760349595138
94256,10.236118175328748
94260,18.151401023144917
94265,24.75816712454299
94269,30.439973838909257
94277,28.817988812818502
94281,15.38913551441873
94289,24.871667242010925
94294,38.65296475758366
94295,15.902347214217503
94306,35.56035642780793
94312,19.372658436799927
94314,34.15839679883236
94323,4.361810125118176
94329,16.23788037179538
94332,16.90218361110316
94333,5.649359536893137
94334,17.190123188408226
94343,12.971133888054126
94356,9.775293059734391
94358,3.602336193889279
94361,11.275093147400007
94362,10.33439601204476
94374,11.38114286329121
94375,28.436423931659565
94381,19.947051514170912
94382,24.503885331167748
94390,11.634450760232589
94393,20.26505874141267
94397,22.381970859375688
94398,17.51896689745649
94401,4.118478219656858
94407,10.588995916984747
94410,2.3664252435204176
94412,17.214034069747786
94416,20.140301172996086
94417,20.140302648999278
94419,38.48730644831903
94433,11.894435854992444
94449,11.276571955799177
94463,28.506532296181422
94464,28.506533772184607
94474,30.74047235694704
94475,8.996819959577248
94485,19.2114234248215
94491,29.954538235873276
94493,9.933045320840506
94495,21.420362793081612
94498,16.75821980685758
94501,18.479502207794486
94502,18.34392164727439
94504,12.975936771032394
94508,27.172560274658668
94509,7.077950004178312
94513,11.664765564328118
94532,17.192653331154848
94533,15.76838459252905
94537,16.688100519529574
94538,27.97890797907836
94545,12.799091205959765
94548,5.459937241955757
94550,38.571766858505384
94552,18.17681077509589
94555,18.176815203105466
94556,18.176816679108658
94558,26.2604862344345
94565,19.102759989205207
94566,12.998680033383135
94568,23.934743526525384
94569,10.926640062171977
94572,21.837571375820065
94574,5.482976183349145
94577,23.56334197756433
94591,9.800002930053132
94597,9.486029486853361
94598,21.068701873552993
94603,8.261904079357755
94608,27.05707435188423
94611,38.93522710065419
94612,20.81129733185715
94625,22.98056440932834
94626,20.587543178385165
94627,13.352670754452589
94631,11.263287430008724
94639,35.08210576600116
94641,12.690604941087393
94644,30.675508309126574
94647,29.98348554372839
94649,26.037751695526165
94652,19.44993120138324
94653,22.417710549420722
94674,6.383236737423552
94675,19.563132685432993
94680,42.118348310832175
94682,13.451060031493014
94683,17.501913190610342
94688,32.635252214123255
94706,19.498562330352843
94711,37.18139352601584
94712,35.23943114273882
94714,17.378753059047742
94718,21.53869859476202
94720,37.23234401338513
94721,34.23035844932292
94730,20.67131655173557
94734,22.523029166999454
94745,15.780913304645683
94748,19.503631040921395
94756,28.70286841146159
94767,27.2508902599695
94774,12.68415134689237
94782,1.4292736599210585
94789,21.31477784334974
94791,10.517785484961415
94792,30.142000400126673
94823,16.17701583844529
94840,23.60114174430713
94849,9.82771834417516
94858,27.019305793150583
94859,12.935708032134713
94860,3.7862215509895165
94861,21.355596469450635
94865,21.409644217803784
94872,21.439671860703474
94886,9.864047406564751
94887,12.266382226970329
94893,23.70576976322747
94903,9.748044962495566
94910,28.019049118822135
94911,-0.5848559087210461
94912,43.56696964876211
94929,26.265731523897404
94932,19.158981514040594
94935,21.14330715638076
94937,39.308207265626606
94959,17.05288014150756
94965,11.27598465332732
94968,29.173702095085826
94977,1.9208229637981091
94987,4.568692965141338
94991,5.438423177471606
94992,32.35666819434219
94995,29.05937541250604
95008,43.275183515110925
95009,8.97587743414713
95011,22.73810619786588
95028,29.20790652644843
95030,15.918381780746937
95032,30.135591645495598
95038,6.907890399004593
95041,33.81898760077098
95059,32.46327129695297
95085,26.274532239008355
95092,13.303008849966226
95098,25.387027755653182
95099,34.30693639346754
95106,18.264481276632
95119,23.554864814893424
95121,15.552820371360202
95126,24.525489392027882
95136,20.080882956514227
95138,5.483072637233651
95139,18.18929470891661
95140,14.021636334497902
95151,22.991829255434116
95154,23.491171711719996
95155,16.85688646397765
95158,20.499637693615572
95163,32.23853141516271
95166,4.687920036252571
95171,24.533376707113707
95175,12.545951517817585
95194,10.63444594733999
95198,15.552934023605903
95200,18.838785367143796
95201,19.635844201404783
95218,31.80362233951681
95220,38.9773196444022
95221,19.88529940159027
95233,26.57530396250664
95235,21.467347500220118
95237,22.505924633796273
95244,5.596159688318835
95245,14.949881809952547
95247,8.73609935848291
95250,23.27004713526968
95251,40.92354511441006
95252,13.452459604196257
95256,9.566305568850815
95260,31.851137717783306
95267,9.06961492343138
95272,21.34372300674627
95285,21.968045920993237
95293,33.244991790402025
95306,22.178796935645796
95309,47.61430767140364
95319,17.432850056468357
95335,4.210217411824782
95342,18.594249919252636
95346,19.67860309839141
95352,6.527621420003641
95353,18.038940761633636
95358,6.825266268977991
95359,21.464344651849093
95361,22.301236282182504
95364,17.50591609646101
95367,39.165604937510025
95370,26.87673489825419
95377,39.1479891727475
95380,19.04273378389158
95389,13.855968847852715
95396,18.159492174311925
95397,33.21721789046737
95403,6.597983249886141
95411,15.91566671873932
95414,34.456645510143545
95416,26.78648453556598
95436,7.796807854374784
95438,39.75268858360711
95442,18.327577146120564
95450,26.41121019378551
95452,10.341556287622375
95453,8.853331211362025
95467,23.751385268691383
95468,22.095468968478425
95471,4.149225391206457
95479,20.402266618050856
95481,23.009622630306485
95487,16.177633047990955
95488,22.17838323959187
95492,9.903553703196245
95498,12.746986300920963
95500,15.36029184545362
95506,8.8235676405979
95508,16.927713308266537
95510,20.365441142482954
95514,25.406102597003464
95515,6.686289317406427
95518,9.609423597599864
95520,21.1207947796096
95524,30.922749640360056
95525,22.04126077263675
95528,33.26685373929298
95529,7.159979287932337
95531,16.101530150190317
95542,26.23357859869672
95543,27.28076385245352
95545,18.824308856367015
95546,24.258072122564503
95547,9.509487894932143
95552,18.492213869047678
95559,5.772147907020873
95563,29.994106624955027
95568,23.828460611309875
95580,19.3040764740155
95586,28.291009557266182
95593,18.207243160495498
95601,22.87656976468637
95609,23.70683460929536
95610,3.382242387454653
95611,15.899404631839563
95616,28.858174148764977
95621,20.010596231494137
95626,29.21801814754807
95638,29.090705824157066
95646,24.660995244547497
95652,24.6987215802036
95666,14.001275585014643
95668,20.751432808404676
95675,20.115582276426995
95676,11.76010420120383
95686,8.226516205570782
95688,26.206017327467595
95690,24.061691663120133
95701,21.968969435575605
95705,23.85931327348666
95715,30.023171330234536
95718,32.43495139846986
95720,13.889332531709314
95722,26.602557786649886
95727,16.215205132627712
95728,11.113491889754535
95732,7.133716322053083
95733,29.957979390693918
95736,35.86722966812263
95738,10.105839174376971
95747,25.19747422005479
95752,33.4728899017387
95753,32.28053811627079
95759,12.43798965398723
95767,33.14202623720939
95775,13.983726189129104
95778,15.065944309394173
95783,21.700591591195323
95799,18.806809057322372
95801,18.76322154131761
95817,24.487579560581853
95818,11.01094065654852
95823,44.751265431751094
95825,6.438470811496508
95832,18.84788258346386
95835,5.037481599884039
95845,23.915869386561784
95849,22.920881564252017
95851,4.764373591573197
95858,19.266407078647017
95866,6.3453884642037295
95872,19.123015461763917
95876,51.91958323029456
95885,3.6493799013832486
95886,3.649381377386433
95887,3.649382853389625
95897,21.79673943748961
95907,12.009006543169843
95908,17.413372074579225
95911,29.129981109778885
95914,13.313946113368576
95915,17.506012116159884
95918,5.272724368322947
95922,25.777252984141246
95925,32.94247151875513
95936,8.838809829441296
95940,57.53104502356058
95941,16.465292773576795
95945,18.99269446432002
95948,7.606284406985203
95951,9.382386619531687
95958,31.099476958205752
95965,19.71678873376162
95973,24.224054321231012
95983,9.325487130613087
95987,26.220049348844146
95988,17.393500201810408
95990,38.94397388426657
95993,12.299746868658861
95996,11.097134422187843
96003,7.149463323584847
96015,15.115417147007836
96021,10.95823360249026
96025,24.271791651643003
96035,24.658733914450725
96037,36.95831283285608
96050,18.58022030176185
96051,18.111935844045338
96058,17.15929162398282
96073,30.436071150925084
96083,11.901430585649319
96086,7.590816108890387
96090,13.696821626501869
96093,26.19676395022834
96100,7.669972759694026
96102,23.364280958369815
96121,20.344461925275606
96123,7.872677654517261
96133,7.801570346683967
96140,31.002132775303455
96141,31.002134251306646
96144,29.50402569511836
96145,39.528046094688534
96159,21.309046464563817
96160,17.58083592140171
96164,22.5986538786311
96170,25.013413159629454
96174,8.911985326958515
96175,14.157074404335692
96176,23.462706671626638
96188,25.163773925913947
96190,27.64625466632582
96194,33.79418011375856
96199,45.40596229833723
96212,25.14354322971357
96217,5.531568932419894
96221,17.82853676020694
96222,19.6658602431437
96234,24.44695811266013
96246,32.592661985785
96249,27.510214755965574
96259,13.640393317998281
96260,30.540413552704752
96262,4.994662098538136
96269,7.583960741694909
96270,6.833393561302252
96274,5.684508218802357
96287,12.242198115775512
96291,7.519928111172842
96292,32.942231744345875
96295,3.377053614727494
96298,19.65888337181804
96301,19.651365563801793
96305,46.312775767739595
96310,4.135655085051006
96316,34.2775491464926
96325,7.8193973026725345
96330,23.980056115817927
96333,30.56199878357967
96337,3.636349579660056
96338,17.472821744814905
96340,29.975405095048036
96346,22.454716478207825
96348,30.354133902722186
96350,17.400529258145905
96354,26.049365236145203
96355,26.049366712148394
96356,26.049368188151586
96364,19.34824933532732
96365,25.14095430240656
96369,21.263214713952703
96370,22.358764221534667
96373,13.738472355597047
96374,16.328975435197624
96375,29.026219488810167
96378,18.370103823561724
96383,20.131717369870888
96384,18.75377158316608
96396,36.93436962190357
96398,19.75556687702856
96399,24.39236387906774
96402,30.724803851583307
96404,16.816670953425902
96406,27.06608803781811
96410,29.475770164787054
96411,27.417127658785002
96414,19.793020597293268
96416,23.09796958035955
96417,20.885175452458046
96420,13.685229863684285
96422,34.873257448328104
96425,6.009371638189606
96426,41.44607244124805
96428,8.83359408319382
96435,16.897824766938545
96436,20.0130101721189
96440,20.491286406663686
96446,15.140249359206027
96449,17.409044968475815
96458,13.932121828718664
96464,31.08362851286631
96466,16.20347527037949
96468,10.276562703583672
96484,34.48853234138771
96486,22.096112363708936
96487,7.232637162763041
96492,5.9711175266530745
96494,24.94197211305166
96501,13.238946791061046
96503,14.578038566401606
96507,20.445362938256753
96515,22.894635337843315
96516,21.98821100569285
96522,31.931517230376084
96525,17.857877265706666
96539,15.47138392693957
96542,27.11083186831068
96545,23.80305775502723
96548,14.960847491881541
96552,3.9867003873177183
96553,18.050465130635548
96554,38.34731789953835
96560,14.358064791203379
96563,44.858055508347775
96568,18.44978128207895
96573,25.010727559579
96574,9.962260183096895
96579,8.070723391106064
96584,12.358411870744106
96589,26.91675199729367
96596,15.910277779560882
96599,16.74933116882247
96604,23.266805445873448
96607,43.24555263798902
96610,26.662590281781167
96614,12.845485356162818
96628,31.37840113533346
96632,32.029139939945665
96646,23.30377527581295
96648,33.09436958490072
96650,10.960699662828041
96661,17.07352815823835
96663,13.857849275917935
96671,18.465383565007425
96677,22.807755981338605
96685,25.599442681626233
96690,16.46648150181041
96693,17.46739959719535
96698,6.974225445790957
96705,19.659484105116736
96707,9.936966454116096
96709,28.19575316472761
96714,20.661203557418393
96718,31.06613473971827
96723,36.26965777277941
96726,18.518472624307424
96736,24.513477293183943
96738,45.90564690887703
96740,25.064114316763256
96741,31.769668189080125
96760,11.38220305437644
96762,21.393642129550205
96765,24.62880734918772
96775,18.054170785721514
96776,24.717949053457023
96777,4.7885889170188705
96781,29.014364116434283
96782,19.68612514392719
96785,6.883296510488357
96786,18.322936678636072
96787,14.720292528702057
96788,16.457614058630984
96793,14.626720317558327
96797,34.76690735297238
96802,10.65364150447336
96803,33.06591480066089
96809,14.235547795143791
96810,14.235549271146983
96816,21.193915737518143
96822,36.844090463347044
96823,10.690167080309028
96827,24.63021370134658
96828,20.132146417596605
96831,25.351304409687618
96840,10.915290595951436
96844,19.70285761913252
96850,11.047382014073165
96851,32.87318138195758
96856,21.01830604784382
96865,8.981392963172706
96866,15.089792645888327
96877,10.64434919909613
96878,10.334090799702643
96891,44.34474212100024
96893,45.527655905842934
96896,27.54315155404417
96897,26.35363281822058
96913,17.875728570582
96915,16.75217523623638
96918,15.305200579972695
96926,18.736879229456935
96936,39.311298163381196
96938,10.136222930043843
96941,10.944489852641748
96945,9.46803478914823
96952,3.5867576966871297
96963,18.918147450610153
96965,15.163220548690166
96970,16.593490762138696
96978,14.968219521488638
96979,11.689533252239052
96982,33.87766145157718
96983,30.39343261260723
96985,-1.6674296465776415
96989,16.28716017357357
96990,16.287161649576763
96991,11.956677594715696
96997,19.907935320889482
96999,14.419938396750869
97001,22.872168369596967
97002,18.694295120896253
97011,14.346894752203756
97012,14.160915928334408
97017,8.929257552757864
97030,17.52021003892214
97031,18.88511790131945
97040,16.318654783416026
97064,21.97449003563351
97066,11.901895454981165
97069,12.899474346875586
97078,16.970861868534552
97079,19.61076328299278
97080,17.093736082765577
97082,18.221755298425936
97091,14.069364710438126
97094,18.935946257330603
97104,18.97287072940731
97107,18.972875157416883
97113,28.975803400871076
97126,11.858469556714528
97130,10.598956283429864
97135,5.255106748500289
97149,13.995631058798981
97152,11.796337851860812
97166,5.7432768515470904
97177,26.406125062913407
97186,32.59919472656837
97207,33.172183559165504
97212,23.39696544859301
97214,17.449762577140387
97223,9.77818170881789
97227,21.192664974771834
97233,14.58319722952658
97234,10.411784730660159
97259,29.28924553855899
97261,10.182909592625599
97262,26.06457265997715
97263,26.06457413598034
97266,15.953269762145059
97267,24.0714613997048
97270,25.116249494010138
97272,30.08510902174734
97283,18.26999521438913
97284,15.02908620541331
97294,15.891916190315538
97299,15.300701308679141
97302,17.19450396587884
97306,13.002724282126227
97307,25.603211410645923
97310,14.269180809476833
97311,14.903316764776545
97313,17.17570371488471
97319,4.686430822770923
97320,18.593968396599895
97322,21.576409713402743
97323,7.399297247803567
97325,12.708097749309921
97332,25.199813685112385
97335,15.56253979412536
97336,26.082972447334402
97341,19.90370300565799
97353,17.892265217268292
97361,13.759610660251795
97364,11.835600119090977
97366,23.06762926658904
97369,38.5684850765612
97373,34.44860710896013
97381,11.470254199812445
97394,29.056245800113327
97395,8.111102305249986
97398,17.952960081653114
97399,5.220625432235387
97403,15.151039841265739
97410,16.18549692128727
97415,13.585295470956773
97418,33.89640332977429
97419,26.107113429407814
97420,15.955359310187365
97422,37.29783345851834
97423,6.212261471261364
97426,16.635190137083665
97430,30.837977753935863
97435,23.41665581993748
97438,17.364624392749068
97439,24.791012711157276
97444,15.074771275406452
97449,19.54047857699405
97458,28.888144974279275
97459,11.084356606582983
97462,23.019986648042103
97464,28.42567300735973
97469,7.124116194269789
97475,29.310842862897406
97486,14.933853887227006
97487,15.229836444365507
97495,20.52322981210335
97499,13.988855411247176
97500,11.560598242202815
97512,25.000862455368473
97517,6.337573269319883
97527,14.041178846691938
97534,17.73099609300125
97542,13.145952831778466
97547,21.55760646914489
97555,2.3632223730879645
97560,21.8566372435799
97562,12.44786773520061
97565,11.776635468348005
97573,26.394290669018613
97575,16.09508057734087
97597,17.572981738973343
97603,12.275249474209097
97624,12.753843823023324
97626,12.753846775029707
97628,18.308526249020804
97633,29.422158118104466
97635,14.891396760499791
97637,18.436276817224485
97638,22.544485272037743
97644,25.273170672275047
97647,36.531160344804334
97651,14.065353667289731
97652,26.683265916286448
97656,37.716051029068524
97670,4.428519652854938
97673,13.393321304973778
97676,17.511533306852645
97677,15.115695312371958
97681,25.28094609868995
97682,30.84057379411374
97683,25.44245315906979
97685,30.082236995807026
97687,33.72639202803184
97693,18.253851264678065
97694,23.97132951542437
97701,3.87949219181381
97704,23.660950609849305
97706,36.04293914918519
97707,43.730602232659265
97743,24.76133232909022
97747,15.09696534125231
97754,8.416150491287596
97755,19.699528796967957
97760,11.409337403292135
97761,16.936124018581413
97763,24.51670759611306
97774,20.063180029306938
97782,24.01269743249259
97786,8.718004754961349
97788,27.645425160088667
97790,19.084612776437243
97802,24.074404861918563
97806,38.37693159758828
97814,14.858957040736154
97817,25.14167062565421
97832,22.867313176929432
97837,25.6583728762493
97845,20.539994258036533
97852,12.140809155465519
97853,25.986143741534253
97856,30.497565295969384
97862,17.664158777107733
97864,13.535687120195107
97869,26.982726257952226
97877,12.849053626225484
97882,25.06292363648225
97883,31.522423604100407
97885,17.15646778621883
97890,30.19994094389396
97891,29.795679730239815
97894,19.970178732618574
97895,34.34454945277852
97898,36.457772620215465
97900,43.972954396602816
97902,19.246336018308075
97904,19.18228234585182
97906,18.80540900116451
97909,46.168809564086516
97911,19.054752386975952
97915,6.225751792384607
97920,12.847585418710988
97923,3.764826975979851
97927,13.92987064877314
97929,10.323100304734705
97930,13.455552401450426
97931,51.87695524777082
97945,24.40842136538158
97959,7.02834081293755
97964,28.846892964809715
97981,41.17536285332193
97990,49.20647078309503
97993,16.167180740255393
98010,12.629962623062035
98024,30.14298162549436
98026,22.489944468382138
98034,21.74891859963974
98037,10.577419266431633
98040,4.564092440852377
98046,10.454116421997409
98047,10.89352815809172
98055,16.540748378184578
98058,33.06481485598282
98063,5.409749512242776
98072,24.695598510749537
98075,13.903965106768752
98079,19.823779577733912
98086,11.06865222489504
98088,17.264686703301283
98090,4.072898785312198
98092,14.357458514949858
98095,27.527931754108895
98103,7.965289884878857
98104,31.45631923702881
98106,11.596805394622809
98112,23.19079594629373
98114,35.379305071329284
98119,14.004563338975348
98124,27.490912798046455
98127,15.381537258635714
98130,14.082264396094974
98131,40.7154649545914
98136,6.231015789735611
98139,22.24777755035142
98143,27.65002569521383
98144,14.219678506149595
98145,5.548019620280435
98156,23.325029641667474
98161,41.417087574669864
98168,24.49104964408369
98170,12.264629757655104
98178,26.76489929335894
98183,6.144267051557861
98185,6.023591121651741
98214,24.292455921492238
98223,15.917642058736586
98256,24.28542325256996
98261,27.595022927318272
98263,50.20660154521539
98265,50.20660449722176
98267,50.206607449228144
98269,13.679640246849878
98278,7.5208505794417775
98283,18.298703779934247
98289,20.18758707574
98298,6.973732365330857
98306,19.409244806271506
98310,17.011898988922436
98313,2.760569359704057
98315,11.153925078276693
98323,20.19530116692619
98327,13.049593897201927
98329,29.32904689444212
98335,29.281778577818375
98337,9.61860124022741
98339,16.61477434496837
98343,18.67695906782377
98347,29.024541610340183
98349,11.17632220648052
98353,22.862455699737954
98360,4.155524199391905
98362,20.44810092417588
98375,5.7966853858392255
98381,16.892332522566203
98389,15.794718401996423
98392,0.40320770116153426
98393,25.10924556872863
98395,13.52038010305002
98409,7.206223330508699
98414,8.17404221923255
98415,19.922063762210858
98421,14.44842112267104
98423,7.968266588511021
98429,16.173531433805774
98431,12.800564895635304
98435,9.920489010315663
98452,17.59490392940953
98456,29.30745287015183
98462,13.11352367454236
98467,18.63726052254184
98474,24.31485035723234
98481,10.792469231489392
98488,13.514203073755848
98502,20.974164077991833
98504,31.45419684378476
98505,25.357013467250678
98508,6.479195669625206
98509,15.995283117207368
98511,28.512240489188006
98516,20.738406861425037
98517,39.55963886105502
98524,27.36145915520174
98530,30.311628866782005
98532,20.273798493440093
98549,8.425873253569044
98554,10.417820494295153
98560,27.82183830470593
98564,3.7528522237816517
98568,3.9180620429124886
98575,17.878222158217515
98586,19.32029351379575
98589,23.76538142916539
98593,18.08245712065295
98607,32.286936547027935
98616,32.70058151086643
98618,34.768815597042746
98619,5.149543042432256
98626,21.652150460306448
98627,27.228078433040412
98630,18.155198682887292
98635,31.684379177902375
98647,7.181074838603799
98648,25.113100665804
98654,28.871364369891868
98655,22.68676305623921
98670,10.205816097736655
98672,20.406979496239433
98674,42.439530293330876
98677,25.7107814113195
98680,15.91132685685837
98681,16.319306590629527
98684,15.103267018381121
98687,26.737815138625027
98696,22.654548664120302
98704,17.887795291454186
98707,14.893416864863287
98709,9.911761779227689
98721,26.425340830063124
98737,34.37661475575416
98738,25.140616900236306
98744,20.887622069914944
98754,4.66228394702275
98756,28.92626702761307
98759,11.593034181292772
98761,19.358413466632758
98766,25.40713009722683
98767,27.76764291728411
98769,11.22638428102238
98790,5.699115078769573
98792,20.328125228739527
98798,10.081741673235634
98801,22.824248779796182
98804,25.820113344247854
98816,15.139882647878157
98824,25.482226502952084
98826,15.853440104689543
98832,29.750439924856106
98836,31.31844029356407
98838,7.576500635627472
98844,18.0359432112291
98846,4.144348369059081
98849,5.890106555051652
98858,28.604714533614878
98865,7.0805359757185755
98870,12.625835984588111
98875,9.963776274879741
98878,1.687460868408671
98879,26.903173403178233
98882,35.19134172387753
98898,9.317305961463894
98905,39.44986035361126
98907,10.449933996141368
98913,7.2363239376641175
98915,9.128406024019604
98928,21.251367189681066
98932,36.3271672933716
98933,17.606388628827926
98939,13.23798412884518
98944,25.625766081940828
98953,22.159258258076907
98955,26.294185915597243
98956,26.294187391600435
98959,23.313456979886627
98962,14.957514934573997
98975,22.118001378553462
98981,15.079245319154776
98983,27.023886200218616
98987,25.31687175643682
98995,3.5441090765817194
99018,37.19869695119523
99020,28.86862608804852
99022,12.684806024765003
99031,36.670620764681786
99032,20.03083037638819
99034,20.18154662863161
99036,19.744347806177085
99046,19.772896240812745
99051,31.8789219429742
99054,17.47738711724438
99062,7.529902296703661
99065,23.07178631113251
99071,25.371041730481874
99073,13.609015079883822
99075,5.364784295892321
99079,33.93023927479625
99082,15.166345247445324
99085,15.918724985094276
99090,11.614372696047607
99092,16.19257932496608
99095,13.352985966956872
99102,21.773576624079556
99109,18.089228637516218
99110,18.08923011351941
99111,14.76397799016053
99113,13.76813418689795
99125,10.507058006641252
99127,31.462050352348232
99141,22.815102804251854
99142,9.719802914799423
99144,8.747266531240264
99149,25.417483753805914
99153,36.75232344304969
99163,11.343947242441143
99164,7.227591247313889
99184,21.137265073302263
99185,16.84976632054661
99187,18.275682128962135
99193,28.040235145557734
99196,38.12779955336859
99205,11.595526799003927
99228,24.82379204277358
99233,19.595954740922114
99236,23.531595462343194
99238,28.195777951640313
99245,25.373388581613536
99246,25.25900144823972
99248,16.11355572083509
99254,14.251987359954693
99255,20.417200920860754
99257,36.595971826597236
99261,10.723765948945488
99268,35.09591687219168
99270,5.798006408695095
99271,31.07119158844866
99272,16.519494928286388
99273,34.60081340386212
99274,35.17914140104183
99276,20.815467427333775
99277,21.11691852738033
99280,40.38989827293639
99283,17.68495551538277
99286,6.508042265071744
99287,30.401700526072435
99288,13.920601040041188
99291,30.2302176690982
99305,16.62861436646661
99306,22.56831902424287
99307,28.5436474943666
99313,25.234181872684378
99321,14.208559222634452
99328,3.0114420794639116
99332,17.332588260061645
99335,3.2484874030617945
99342,8.811333349661616
99345,28.265840454169858
99351,19.79250047274603
99352,15.173333430177191
99358,12.123982532056722
99360,27.444381347140403
99363,25.76822290561807
99364,25.02538077593208
99370,0.08394672540729431
99382,2.96273405031517
99386,22.5341821510598
99396,22.17209755286112
99398,17.308793762331202
99405,12.861846178115297
99407,28.44321650267017
99409,19.681084518790204
99413,3.9939461960218168
99421,34.754347979954005
99422,24.557702705845127
99423,25.163937375776815
99428,29.11027685960067
99430,19.38021262113101
99434,-1.6638149147631012
99438,25.524502061763865
99441,8.65520327351846
99446,34.5834199783273
99449,25.29242228045248
99450,25.292423756455673
99452,28.265374436374028
99455,7.350944093732583
99458,22.621308344936477
99459,7.413311369107596
99464,31.105300201192737
99465,32.0819014147245
99467,3.2209957951891894
99469,7.322222015178504
99481,14.9197164847311
99491,46.91086629279792
99505,10.440418678230664
99508,8.97062287398574
99512,24.258550590413353
99524,15.342577815832232
99529,21.565257232468763
99530,23.002651576312847
99531,16.365026789881423
99532,28.304088728068553
99535,52.50307050864984
99537,17.250267510430763
99540,17.63122971568261
99542,22.583909126783855
99551,6.010046128045282
99555,21.3659179533817
99557,13.544873123134064
99562,23.023439111218718
99570,29.49254362102251
99574,22.70055598742535
99586,4.473039902959833
99599,18.455912360794873
99610,7.064050007467877
99614,29.35875260334792
99617,23.083260568742137
99624,17.472710259795438
99625,30.503263472802818
99626,11.624133316673245
99632,52.31567839250742
99634,27.996521201491372
99637,7.776919635777297
99643,36.84209915454795
99646,19.537201608236703
99649,0.984760909621123
99661,2.319607366855351
99667,32.42962770024809
99675,32.45306417211785
99688,7.237361848977152
99691,24.9221685202471
99695,9.356384269208512
99706,14.748053010817845
99719,18.006637275458797
99724,17.964018549239224
99725,19.291951410836905
99727,19.29195436284329
99730,11.053425286182986
99734,38.87978135254977
99736,23.168823006207493
99751,11.489253539639257
99752,20.665687655112382
99757,20.42994630259773
99761,21.880616406493292
99763,35.087259160827244
99770,16.9450686198543
99789,4.8493338070903675
99790,15.813046784778887
99792,33.12638323318279
99800,24.411864965790325
99802,27.670570272142886
99809,3.0535862504547993
99818,14.135573853099874
99833,18.476860983483608
99836,20.526732498379975
99838,15.87825310362459
99840,19.53821268226292
99844,29.96311425135281
99848,40.831850325295036
99849,26.083642780844688
99856,21.99103805477746
99857,14.285602288290466
99865,16.789572721609336
99866,22.54811187319918
99878,34.45285978685601
99892,47.52378840711165
99898,18.428085079280674
99922,17.160616369954408
99931,3.2592275381390436
99935,6.861741091741685
99938,8.258516274606087
99942,16.974773504499655
99949,25.43476474508711
99960,19.274273469980063
99961,26.72966462832817
99964,43.28485044765162
99973,43.04012759077909
99975,10.03108832207311
99976,8.186198161321222
99980,28.41244312765613
99981,18.52657233514164
99986,5.766738952935896
99992,10.980808473702432
99994,23.083433398268763
100006,31.40472558710994
100011,4.793362311338278
100023,26.404765859295377
100027,4.217820487738454
100032,11.280256742438482
100034,28.09260563672618
100037,29.335105396774207
100038,24.00290512808815
100053,18.793883336568893
100060,44.02608192387591
100064,31.80216597354919
100068,26.53979306659163
100071,17.788276776284246
100081,29.104552149830344
100088,16.63956870698303
100091,11.490555051943097
100097,36.534243969251364
100100,30.30768519398072
100104,6.014801853928965
100105,22.638092468613348
100108,10.610153317531399
100113,17.559614313938784
100129,15.151968557700815
100134,10.452825446175552
100137,10.507502809531964
100138,37.57598471783878
100142,18.85793693097023
100144,6.49306836986478
100145,14.94781936074033
100160,5.165389496977397
100169,8.527009641709519
100171,5.713998379151498
100181,24.889541253434107
100188,28.655301746511785
100189,28.655303222514977
100190,28.65530469851817
100191,28.655306174521346
100196,13.897582735346681
100198,13.897585687353065
100199,13.259295039982824
100202,20.26556278023857
100203,18.526015665129986
100205,31.960000239367087
100210,28.62195596068094
100215,31.11725616929787
100220,8.065745084606625
100221,30.94980473672982
100229,19.983650958608212
100234,26.84234205347867
100236,29.97369222627059
100237,12.549994229757239
100238,26.12426306653875
100239,15.662311259002639
100246,21.623159059477562
100247,31.900720085071928
100258,43.676626196981886
100259,12.33837772276275
100290,26.26658224343542
100296,13.368219714947298
100305,19.1145233599721
100311,30.725977748366642
100312,36.38546250440426
100314,12.863187865015828
100319,11.93748332014777
100325,17.58425538925147
100331,20.827443346676677
100340,19.908950911919984
100342,22.78132337597022
100343,22.341234600519957
100345,13.16693028568239
100352,24.998187431233138
100354,12.693747188450537
100355,13.305681844016114
100358,10.48089035083835
100371,6.799998365616915
100374,26.129244686625643
100376,19.10362981435802
100381,8.67880276097753
100406,23.991534811860102
100408,15.1279875865614
100412,32.968858020851286
100415,27.55043044971413
100425,17.787363347112713
100428,8.101118762326102
100430,17.237603324080045
100432,22.31982194875292
100433,14.80958473959419
100434,10.410676063237869
100437,8.183425585723704
100449,11.292751862918323
100452,27.793684446198387
100458,16.323577366299748
100463,12.298240147720271
100464,5.395055736576229
100474,10.502768902347889
100479,13.200158369200182
100482,8.496251437243153
100484,11.529596493070052
100486,32.30939425153977
100488,22.933203429005065
100492,15.880075874769393
100496,10.691509391014826
100498,3.830468962272981
100500,24.224121880964947
100510,20.391769280421027
100515,33.11922283632285
100516,31.187808846498218
100517,31.18781032250141
100521,19.823654817136788
100531,22.09096002720194
100539,13.89274997455609
100543,17.742335735883298
100546,9.669885335299554
100547,43.56901281634265
100551,29.036191100115634
100555,25.88826916123948
100558,13.642112858910885
100562,20.903348501478877
100567,10.557007136060175
100595,10.809851394888234
100596,20.327910653214172
100597,13.714965680919924
100603,16.677759141413862
100624,34.89657824864514
100629,14.266893951264453
100630,28.471964784068657
100632,19.242492265505813
100634,19.722791184043675
100638,29.705498215077494
100641,12.317481956564137
100642,12.317483432567329
100645,16.80335871780154
100651,4.118427982744457
100654,14.893915219830294
100656,25.150619433498758
100667,37.23385584782251
100671,15.39419834570639
100678,11.110881873873858
100680,12.217303534314013
100684,23.054827864021515
100688,40.8408913411035
100698,20.899209362727465
100702,20.39579520132057
100713,14.303076439319494
100717,22.347344621134543
100723,27.639302918014092
100729,17.52053518245579
100738,22.830776560983754
100739,22.830778036986946
100742,27.355518404230526
100748,20.704807887339324
100752,-1.6618695425574828
100755,21.72740621239706
100765,30.75178815515898
100767,21.531352157885532
100771,20.396896563054828
100786,11.908584284356671
100789,36.13054363679582
100793,9.843369940306964
100797,17.13388498734236
100804,7.129038664911469
100806,17.99360978439643
100825,43.19506054772437
100826,16.678088290125434
100828,23.850834213677704
100829,9.89462075782329
100833,11.527367896190583
100839,20.371345606007782
100843,7.219991510367787
100845,6.488500928273176
100848,14.99406839991003
100853,21.3947660418703
100856,0.5975472720779678
100857,37.653569779888784
100865,21.99724385356632
100873,13.37061395245711
100876,16.807411973351368
100880,41.06929198323634
100884,5.826229595129327
100889,16.463667147716894
100894,13.565260040295243
100904,20.837303780351046
100912,28.078862766247415
100916,16.101967577350255
100917,21.44200381972664
100919,18.212236788260203
100920,19.847939718388357
100928,15.556807825422357
100932,29.956675607813462
100933,24.60208837416865
100945,26.03605083486754
100946,4.072835886399709
100949,10.638910466459905
100955,14.249613401247803
100968,10.83054092379114
100975,32.41776616541706
100979,25.3718891060814
100991,6.204719141280435
100998,7.533687607518388
101002,23.24926072627601
101003,12.231536409025907
101007,17.560685495389993
101013,18.339062408717698
101016,15.333926128962094
101017,11.197900951268402
101034,14.82289683864862
101051,10.577778408424727
101056,14.47116183933004
101057,24.724990259266665
101058,12.993805138174046
101059,10.256308355071038
101071,18.45623177990331
101074,15.073761222293232
101075,31.994221711262636
101080,32.44260497536979
101089,14.507312892348384
101091,5.767983209415682
101095,30.27059536394803
101096,10.271079039999954
101103,38.76264151037931
101104,19.939451318738616
101105,24.14636523987092
101122,17.866735771986985
101124,17.86673872399336
101129,32.81518438428887
101131,15.894048223936085
101138,6.487584477089747
101159,15.846136652997348
101162,7.984842487290017
101169,30.37310260559126
101171,11.129716216491019
101172,9.118025240381492
101185,30.579632173071392
101192,20.624803420430073
101199,21.352471277658804
101205,18.817253320330668
101208,8.876862158795525
101212,19.166937030496417
101216,31.655759245974767
101220,22.356231623578008
101221,20.964055299494877
101225,17.320924905145265
101238,29.28606341508159
101239,6.815415290136741
101242,19.304004713731775
101248,38.26077481098592
101254,20.42369551795449
101257,39.29247414616968
101260,22.526596578741955
101277,5.980393856320667
101280,5.980398284330242
101290,27.594670847932203
101296,17.95721615391793
101298,8.268268046187167
101302,24.432192030232596
101304,18.020783855218728
101312,23.265533781499695
101320,22.655198877526114
101323,30.398441566890735
101335,17.843641806374027
101337,29.53117591610268
101339,7.624606646557972
101343,36.76640760391541
101345,38.84985312994243
101348,7.024350777906598
101351,18.001154597666865
101361,11.47749814471791
101369,37.425488092578604
101370,6.468744612519011
101372,18.65719206251966
101373,32.80293680311958
101377,13.081734209712042
101385,30.09117982287155
101390,17.451868310537595
101391,26.251404364024754
101399,24.050824922877002
101403,19.369800868498206
101405,19.36980382050459
101416,24.644643790367116
101419,16.221725975793294
101425,18.62902018021575
101428,5.747802940677211
101433,30.91464756052942
101446,8.844585284399674
101448,26.03164700550101
101453,7.775040130766122
101457,33.20292466826302
101458,21.279774234953823
101459,4.629154509192311
101463,35.451847529246635
101465,17.734572795235703
101473,26.42584097145758
101474,14.157200936268172
101479,18.92847816991352
101480,24.50222895364873
101486,5.394565388492531
101491,20.911760436373786
101497,0.9237337088723478
101507,30.484182892851816
101512,33.69204717895538
101514,10.57328567828078
101516,9.697061231048203
101518,35.72346127356225
101527,18.670726334805853
101528,5.373066705972228
101531,19.279180430515897
101533,27.600587520455736
101534,22.66296440596351
101535,13.54621896870443
101542,13.820959979471045
101544,8.175133437455507
101545,18.44422894703087
101547,6.3537736383312975
101553,12.95284190997737
101556,42.01758421117559
101559,23.31612317903595
101567,19.90364310092308
101574,24.09282650836337
101577,37.12218621098572
101580,4.072039180377438
101583,29.213239401451876
101592,15.528263364240676
101595,13.987247342954422
101605,9.652294142918855
101607,19.294741156124804
101608,40.24858405029241
101611,24.982852523106207
101612,29.426251552676607
101614,15.909380959559858
101628,31.760854441288917
101632,29.390716223251264
101637,16.15103583116441
101638,10.527891678809574
101639,30.405450059259135
101642,12.76442487545814
101651,23.212526697076544
101652,5.867864584620129
101659,12.21043831894961
101660,23.323511573974077
101674,16.538913637345335
101675,19.238538821413382
101676,18.117883732510837
101677,6.631898162865944
101687,18.45815342954474
101690,17.38226021419428
101691,11.526729703612396
101693,18.422085128885332
101707,15.08125222760518
101714,35.88898469564445
101717,21.167468516141238
101718,28.219181049039005
101725,9.475090084400787
101734,13.318440036697215
101741,9.630832906929744
101746,9.233266136576773
101748,38.67196109025815
101755,24.207196262851976
101758,26.88923817217285
101767,7.60464780651111
101772,7.357515473056978
101774,20.925233153132904
101779,24.957543011666804
101787,26.270210419942448
101788,13.642150968780069
101789,13.64215244478326
101790,25.047026442578346
101792,15.876680006780322
101803,22.383251653581812
101804,22.383253129585004
101809,35.0078461692254
101811,2.9465140006520727
101814,17.81024595414114
101817,18.760977014616035
101821,25.36962249968371
101823,17.23667038385827
101830,20.184426807470228
101832,23.539572579138902
101837,14.098050110801932
101844,8.440606310052406
101853,7.518878267542739
101859,18.724796460151335
101866,32.365906748865754
101870,24.19415280060328
101873,26.89393776235305
101888,35.593728436627046
101895,12.1513505086047
101902,22.32954408972329
101903,10.111412520338583
101909,13.504728552008551
101911,4.129563003620596
101922,36.11461225061542
101923,4.584006541007298
101924,44.68252458890309
101928,26.856917309235005
101941,29.19761048278659
101943,14.863051632481845
101945,17.178684536378523
101947,31.448817141282415
101952,22.864185393735728
101960,21.139590772218188
101973,15.332593765851673
101974,23.6668402239338
101982,30.301563930454922
101986,30.553735054165347
101992,34.11453429495528
101994,38.135754619218844
101995,17.432238646452124
101999,13.99355912322304
102002,30.62037406716671
102004,9.5897989022958
102007,23.330328752920646
102021,5.922345368744345
102028,28.35070003115276
102029,28.35070150715595
102036,12.756636409783138
102038,19.726865889770476
102039,19.72686736577366
102044,8.498556954227361
102048,31.158029065120157
102049,20.23465097075385
102050,27.923444577259875
102052,11.292072616017023
102067,21.336241866879913
102077,24.647772447491587
102081,24.92993253431035
102082,31.78050989087578
102085,24.07708974279706
102088,23.023484452683594
102094,9.687265084355825
102102,40.10842456981241
102107,17.512871038299654
102115,12.902679476676362
102124,24.660916055633873
102131,20.287855100105293
102152,9.199891929326522
102162,16.48491563444472
102165,15.361463699016046
102166,15.339455973725382
102179,20.50975756908932
102181,23.501252733914686
102183,13.156072237725859
102190,20.0490185247365
102191,8.92748782844911
102192,10.988231302337816
102194,10.9882342543442
102196,17.954667764384208
102197,18.43821210224198
102201,12.663429987499377
102203,34.140900509217744
102205,34.14090346122413
102209,18.468094542532615
102213,8.707665713043532
102216,28.14871983618467
102224,17.31665666974185
102231,10.967292917566674
102240,24.465165326713493
102246,8.659367116181379
102258,12.780411083265253
102267,5.540209536470606
102272,33.025699678855915
102273,22.32553171202218
102275,19.519028944457407
102296,21.861475594774266
102297,21.861477070777457
102298,12.760742661937634
102302,17.887423942225364
102318,24.73661257879549
102320,3.1162227961274667
102328,20.459410216143493
102329,13.48434374833834
102334,8.812749706671163
102345,15.806246868989508
102353,19.039859610575963
102355,15.862807340755342
102356,13.383753322407756
102360,30.163168011875054
102363,9.608116016609351
102370,23.59781006421567
102374,16.854536450818483
102378,24.8612405202713
102383,25.98124235186538
102392,22.551840257259418
102398,23.518761654183255
102399,12.761089466114619
102408,30.34518013053675
102426,8.218807214755106
102430,28.830895617108116
102434,7.057289431127273
102435,7.057290907130465
102438,25.31339498483548
102441,3.9229324452862926
102442,9.919975726650808
102443,18.289858251044127
102456,13.847716148134054
102462,28.901762558730045
102464,30.828920308533814
102473,20.564022477824867
102479,17.737467545847263
102484,9.144676719714177
102488,26.394652978188905
102491,21.578378376141178
102494,18.25780717431896
102495,8.83388342689917
102496,19.375772934961116
102497,25.077037091785026
102498,25.077038567788218
102503,24.806739226750512
102510,6.490958473586041
102511,28.186021143428345
102512,19.99436835594398
102514,11.603311616688341
102515,17.73612259858616
102516,19.72506450249057
102519,21.760250475386204
102521,26.345179530238727
102524,28.119196746981206
102532,10.337030239521177
102541,11.41916114911637
102542,11.419162625119561
102543,15.171453694489063
102548,11.813779895235314
102556,25.651021870913656
102558,20.386895841878992
102567,55.4713792061346
102570,25.605802826853083
102575,49.01442368788268
102592,28.85231813097978
102594,11.89836122876364
102595,25.71278218063114
102596,25.712783656634333
102602,12.878371222586303
102604,32.14390098132367
102617,17.33976500853257
102619,10.840902388680128
102622,28.034310598863865
102629,33.276450679024634
102631,14.433305515283468
102632,45.742482088754684
102637,10.058343093483131
102647,3.753256554743949
102654,19.57006389655398
102677,4.182790629831494
102691,4.031664461912534
102695,17.466876713715298
102701,11.484917959584202
102706,10.33528942347607
102707,10.335290899479261
102710,34.68435229267199
102717,22.66286548389881
102721,9.928248233370976
102728,12.797972439731666
102734,32.329513672789005
102737,16.42233528087664
102743,18.04529002424646
102747,18.810767397338157
102749,9.570625031792027
102754,30.412332146597922
102758,17.13759307891411
102769,13.818251870855015
102782,16.62289556579456
102784,25.329361098688896
102790,15.859322542894507
102795,35.40628359201787
102796,16.967448812113748
102806,10.20896899511375
102809,32.296492614270335
102811,15.464929546435446
102817,14.027109169296768
102822,27.863266500222263
102824,36.33858081948054
102830,21.646362401957905
102847,12.641062234760291
102848,16.121169662171486
102853,13.153791884725393
102855,11.268657652086358
102863,19.52295476062304
102865,14.769350767236002
102873,23.242052564800435
102879,16.719532446660498
102880,7.621611285929447
102884,13.346579110521681
102890,22.64075181676039
102894,18.862950594019292
102901,5.818487025211148
102916,32.30667566029339
102932,24.47619880818304
102935,30.500397210178743
102941,15.706406456171738
102942,46.70403956273695
102943,7.69389486266191
102952,20.84797311787415
102956,14.13821275912466
102962,29.78614393575592
102969,30.451482740888668
102972,33.01742288589679
102984,14.666485220339556
102987,14.353866737377412
102994,6.725179542316781
103001,13.67175199312475
103003,21.117851223545006
103006,7.63743694108404
103007,7.637438417087232
103012,33.263851125085466
103014,11.507521636831257
103022,27.850285306567354
103025,37.92622338035814
103027,9.047661757230856
103029,9.45127106824804
103038,18.04197825221208
103044,28.43075065203431
103050,16.595042793611515
103056,10.22630034774675
103067,3.4063608747726164
103068,25.602682404153487
103069,23.48381109955837
103072,29.5861006466445
103076,25.91513657536243
103088,11.652071393736787
103091,21.194193904351724
103096,14.252773524079547
103106,12.25802954005584
103114,7.412003784394386
103115,8.820521965676114
103124,17.93205347197299
103130,9.208905973808331
103133,7.173240680128636
103144,18.63445957603341
103145,5.859585528805418
103146,14.72299621540704
103154,24.989469957628014
103157,15.177022240289634
103161,14.270631191343842
103163,14.270634143350225
103173,5.7141497001563835
103175,20.53870644116323
103179,8.192752945139588
103180,15.755383422164062
103187,13.898230037650361
103198,8.626260744129304
103213,14.577328844664084
103218,19.571237397492244
103222,4.513464276725479
103229,13.201268070789553
103230,3.1751287327180577
103244,13.279815143248221
103247,14.914462233134817
103256,16.92183127631795
103258,15.265588148122522
103259,20.17296723527706
103266,13.698778550848054
103267,40.666816800781874
103273,26.569146409450514
103274,6.464871826687197
103276,23.76743916284099
103277,26.772830580222166
103288,8.134680591997089
103300,32.099598619221155
103301,16.34543729125176
103307,19.98318377630893
103315,35.84641354905018
103317,19.291511354110543
103319,0.88591933885467
103324,6.744551150940644
103330,10.93997740929245
103339,20.394513235897772
103340,4.9939769465754225
103341,14.183805683241165
103343,12.733235462592788
103344,19.885174098883798
103347,10.838603838381722
103351,9.520469677522577
103359,20.25129194051158
103363,46.18892892063482
103364,23.772685723432648
103367,26.310015072896693
103372,18.98126787733897
103375,26.75166939147329
103385,10.72554677367324
103388,30.831216252243475
103389,4.690227463985291
103399,20.490755697693533
103402,11.60630546638913
103408,31.974184083153244
103409,33.82991298011726
103416,26.453710091205632
103421,7.018912527506139
103423,21.5391761118014
103425,18.106676652566225
103428,32.94736587790378
103447,5.503572966285901
103449,23.467615615465423
103452,23.23098191381808
103455,15.436300004485101
103456,20.601298106245547
103467,4.513825897507246
103472,19.353042283206765
103476,36.242044857728274
103484,11.678407408590214
103487,18.673619301060032
103494,7.2246305444555965
103495,13.090128696925042
103501,17.889886914646898
103507,6.2236898998550885
103512,31.290189555462025
103515,31.290193983471593
103520,8.665767849166755
103534,17.56788892181881
103545,27.260143513561463
103547,24.37933376456576
103554,35.816857581745
103563,22.93118674575162
103566,12.148085078423282
103570,27.488156388164203
103573,27.999966118006352
103575,19.02470181469825
103578,4.835094990059183
103582,19.226364127701874
103584,27.35880144342924
103592,28.381507488278825
103594,19.577788756392227
103597,17.630040858197507
103599,26.107454350627624
103600,26.107455826630815
103609,31.047049608141823
103610,11.774047724389767
103612,24.469467081174873
103614,8.751058186402783
103615,32.38579357801798
103618,48.77218690499748
103629,19.150447643980012
103630,7.133209849928988
103631,28.535216176896714
103633,15.869914288817778
103635,13.805045870563774
103643,19.577861080548576
103645,24.047958447549785
103648,9.10977503460246
103649,30.500840951355148
103655,15.71737282406664
103666,12.21920667679213
103669,16.07375588951793
103689,23.273639296802155
103692,37.83681609511861
103695,14.751550965252026
103697,19.515970889935826
103699,13.184825482048552
103703,24.780227711784473
103704,20.995865052869622
103713,29.42398428711409
103716,18.673121005034705
103727,6.9473134290839695
103728,20.40701099002847
103730,9.699307314943354
103731,12.716327807568867
103738,21.573437183495745
103739,16.543970691942437
103742,12.411428758589363
103747,16.19002743260639
103755,22.970241657663042
103758,23.013590940678466
103760,18.465116389983155
103767,21.647988993385898
103770,25.925940109475047
103774,18.13216016506379
103776,8.796226630176434
103778,17.188033596041254
103782,13.822380448717468
103785,16.531998208132105
103791,15.674791693407034
103796,4.514311502557057
103810,39.02802068630834
103824,24.734391329414105
103826,29.489455815820644
103829,6.070580768088988
103835,22.088895534526092
103852,21.705706523869917
103861,21.293013918093582
103862,30.027895224150218
103864,25.342818736899478
103866,10.907691152146135
103876,14.07580857834439
103883,22.5576608668426
103885,19.465007713583393
103894,10.037143479243333
103895,29.676375722674845
103898,19.81124682827154
103899,6.905669347946116
103902,16.030273998794247
103923,24.040003568677516
103924,18.03990633635046
103927,19.21183661998585
103931,13.21935872642721
103934,21.683413564845313
103937,11.904349769825885
103948,17.876883916352927
103949,20.48867342401697
103955,8.662994511547119
103957,28.035745247498358
103962,45.96823635462718
103963,27.28033207590015
103979,18.5517989649902
103981,11.034147513174311
103984,7.816082126266785
103990,10.15338512679778
103992,15.520576000231788
103994,5.569445264064292
104000,37.45812726770082
104005,22.664481602357686
104016,24.484496502578526
104019,12.538417166238553
104022,12.397453089127694
104032,43.73006772687293
104035,18.460715474926705
104039,18.529266635642546
104044,13.720053463918987
104055,8.727106435269924
104061,29.040327747403314
104063,20.056338739925284
104069,16.71043337074777
104086,31.09421544644321
104094,24.015207321553564
104095,7.264913956127934
104096,31.053587585152624
104099,19.398050757882498
104100,17.287565219595177
104104,6.698966708813153
104117,11.698254321015487
104119,25.559085982207694
104123,22.79727966355627
104127,33.27805969363166
104138,9.715251459097292
104140,19.875310668685106
104142,15.029998799535552
104143,19.36025062793534
104145,24.431181773671273
104146,24.431183249674465
104147,24.431184725677657
104154,24.59426916283906
104157,36.63064823793215
104164,25.841799079712214
104167,8.162868478360046
104180,26.279325384253557
104183,27.66291726958912
104188,15.924280085017902
104197,27.79295622087955
104212,37.69092869078118
104216,17.59518731801749
104226,6.39657725511389
104227,26.09314358532296
104234,21.397795737499496
104237,32.70995845324073
104241,13.355193647786663
104245,15.09096960928321
104248,22.329464562040794
104249,17.099677742979534
104251,16.864889581027587
104259,15.823566526018812
104263,15.37698111443041
104268,34.27271965462367
104270,0.8871332130167104
104278,22.635595445323947
104280,31.756762766605053
104290,32.990615112690335
104291,16.670264601139866
104296,25.287463391314677
104304,31.33792798117206
104310,3.3342944296138484
104314,10.497154413123404
104315,11.568898101845118
104329,26.520237741814743
104330,9.497205219014415
104331,26.221857438840534
104333,5.674421384595256
104341,4.950561808922753
104349,34.07671165363857
104353,8.492625126974133
104365,21.00736707721865
104370,24.99703458019349
104373,17.344659824373412
104377,31.690860173429417
104382,26.15516954471028
104385,11.351654931104076
104388,6.492381487460214
104393,35.87902132804007
104403,14.209651360396965
104410,12.510993053325123
104412,31.1887307998955
104416,25.492937131184167
104421,39.70889448821177
104424,27.341272768029068
104433,9.077696986667927
104443,26.959375801106024
104445,14.426077216448636
104446,26.610101508815777
104447,26.61010298481897
104452,20.70953415481807
104458,33.35881991517701
104461,27.633163269649568
104468,16.20679893799539
104472,24.176532995767555
104473,19.46989881320111
104476,35.57379573692499
104484,11.393603703023032
104491,58.29082531913802
104494,16.796335653595822
104496,40.71335618255624
104497,42.64745807365344
104501,29.25328619975397
104526,25.43373266214954
104529,31.41935500237867
104532,14.317689429586505
104534,20.342062662137923
104539,10.636388409772369
104540,17.559817159393926
104541,6.448263997277735
104545,24.51106030169834
104548,8.010159390872708
104554,24.214937690760618
104555,23.067475917159822
104558,40.59703588173906
104559,11.26602528699264
104570,13.208222690049308
104577,4.993226316220223
104578,22.534003114839134
104587,27.51435631057358
104603,6.690199332190261
104604,19.387849461640773
104609,31.306002105994867
104613,10.979642163680857
104616,12.918604966954412
104617,12.918606442957604
104628,34.356308330849004
104632,18.659193859203423
104633,4.864702240509622
104636,14.900129120975318
104640,9.063220973245102
104644,13.433329898908504
104645,22.924373104761298
104646,15.629413407919248
104647,27.28918080499749
104648,18.279714641990243
104654,18.142117957865157
104665,15.857885991505558
104667,19.25245149968538
104670,6.580318366711623
104684,31.998716082534035
104687,28.18320903340332
104699,17.249482390436118
104705,27.01026767725634
104738,19.584623884140395
104752,9.386525264103035
104759,21.885840104686505
104760,16.683894886678477
104768,24.25299980015195
104776,23.389632321647685
104782,16.819846429472275
104784,4.6780961885184595
104788,19.93387997781714
104792,22.018907094757655
104794,10.527783147439479
104804,13.290380704521802
104805,12.560955251713178
104809,40.41422180033729
104814,8.325459646268435
104816,14.40264939328252
104817,24.69271566629804
104823,36.34940217361468
104825,16.92011845358243
104835,6.8211236172477
104838,22.515738868581654
104843,8.993168516629783
104848,17.71637460203392
104852,13.465769295537903
104857,39.92424734502683
104858,12.512937135499236
104861,13.898102251671343
104873,15.782295807608538
104876,33.02023319597228
104879,19.584456273254606
104880,41.0911822767884
104883,22.399359321870623
104885,27.42963530982477
104889,32.403052531099476
104893,25.06116342027065
104894,23.427665327738485
104900,15.905663827796285
104901,13.468567289371254
104902,13.468568765374446
104908,8.246410301190942
104909,19.61805253619166
104918,12.150150641059255
104925,25.310430423869708
104932,17.974562103627765
104937,30.881861888773695
104940,19.780305647493282
104942,13.457325210448232
104943,23.013513872878452
104945,18.48850008475606
104947,31.19878974792935
104952,23.929086657991935
104953,4.8006567191077565
104955,13.202064390642821
104957,4.347576782514416
104963,19.560207698611567
104970,17.439094289150834
104974,45.523430813093086
104976,13.583100989472634
104978,12.059328001451114
104979,10.289124966741511
104985,29.765742792889785
104988,3.886208993446168
104994,15.137574211259778
105000,23.15330692913793
105010,11.558546845782264
105013,28.591325320181856
105016,37.748074403485134
105021,16.674121149253242
105026,38.08212662733662
105028,4.832317806064516
105029,5.84195447329467
105032,17.61807278194789
105033,23.865835357315238
105051,21.89196178180062
105052,21.187284796371483
105055,15.85846163275001
105064,10.272530879652177
105068,7.637102495927941
105074,2.971135460477832
105075,12.355708134485724
105079,31.518804041520678
105088,17.496211993877974
105091,16.789069117341615
105100,11.598251029576904
105104,28.83881178927918
105107,21.7523589645966
105109,18.742402276258293
105110,18.742403752261485
105114,29.376554908058278
105115,18.43563453635679
105118,11.161095920875773
105121,29.153212995342262
105126,33.18850984158276
105128,26.852418859054115
105136,24.75632719005092
105149,17.321244111398176
105157,13.174032813037051
105162,23.501663768894954
105167,5.615829772269912
105172,9.434813343509305
105180,21.764894150146443
105184,19.057348671652083
105185,19.057350147655274
105190,26.92628690156791
105191,24.932240619662476
105196,13.238256574245327
105199,12.561546645022204
105205,30.10003575300369
105213,22.464959856822777
105218,32.68139481939767
105222,12.59528745876461
105227,27.659593307162073
105233,15.480432266567025
105240,8.326088423627766
105243,5.648521477208185
105244,22.194045636063993
105246,22.511743922221047
105252,7.853765673153454
105257,31.184046757747073
105262,22.2210644377319
105265,35.97051524256628
105270,19.989348015342774
105275,24.050334722935094
105278,10.87832369877706
105280,15.770870699058808
105284,13.44636199082752
105285,8.394828065999043
105287,29.19040277007861
105295,16.0263367388926
105302,27.40900963966701
105303,21.12327658204727
105304,21.123278058050463
105305,26.263567822114897
105308,7.531055718463527
105310,24.659766731014262
105311,12.051073881352373
105313,12.197462428695307
105316,34.532302243404914
105319,9.501855193066312
105322,9.159887935948568
105323,9.159889411951752
105327,32.18861987544895
105329,12.129289029315714
105330,14.761149114795618
105336,10.052384746803774
105338,7.597346614633274
105356,17.188993433153005
105359,13.058010802905848
105361,40.161556113315385
105368,21.438584277346447
105378,15.964636630100447
105389,19.49797440742056
105390,21.348162314488878
105393,29.72203933293631
105397,16.83373567193185
105399,28.845923914165315
105400,14.06921248004247
105410,16.46560971446245
105423,9.40470075272821
105424,34.96871466697047
105427,15.465467047733629
105433,20.51081796577012
105434,21.948795223061982
105447,28.802284668161764
105448,22.006837124480082
105455,14.935670362106823
105464,19.407450387264294
105467,8.181006091106305
105477,16.73845217857612
105484,33.55276870786662
105498,8.467475747829603
105502,28.736044082648444
105510,17.793962151301205
105513,23.494241973480914
105520,34.36451104577489
105523,22.040284301680703
105524,22.040285777683895
105527,38.89580523041738
105533,43.906271402137804
105539,6.4506001444536665
105542,7.190572464861411
105551,16.58459133354864
105553,29.88891819658591
105554,12.160340757530498
105569,15.015783026387854
105577,19.45390526402308
105578,20.642436500774952
105579,16.915574823315684
105581,25.007935012183555
105583,31.7825827452823
105603,12.17089883536175
105605,27.3295376142031
105609,19.18411840861506
105619,27.06824882790139
105624,8.257103922193075
105626,15.788680375484578
105627,8.20641571133283
105628,8.206417187336022
105629,11.646397969489833
105630,11.646399445493024
105633,13.682237854626418
105634,4.214731682252783
105635,14.687488249100813
105637,11.279532321127881
105640,28.005001072046664
105641,21.339949149907863
105642,39.59910131899737
105643,28.09675597853064
105648,20.523378938758103
105649,38.554559954870925
105661,12.558461962375695
105665,24.40584373477488
105666,20.14116890701843
105673,11.16978722641765
105674,15.176075060479807
105683,13.178999601236562
105696,18.81681865459439
105699,21.139406521083348
105710,30.29434994241291
105714,27.9873024274829
105724,11.450702059894667
105730,15.00746451924137
105732,33.85247279615746
105736,16.81934217915094
105738,16.405049999206017
105747,12.126001620019885
105748,29.08355185111179
105751,21.509473903979202
105759,9.517537897258741
105761,18.37168622612405
105764,12.247016222418907
105767,17.01568653870856
105768,17.015688014711753
105774,12.822608776656491
105778,13.259421573159909
105782,19.024453828588126
105783,16.164661588779158
105784,20.59757706715153
105799,22.17719476693153
105800,27.107881225369066
105835,8.470196215328194
105836,19.668635348776707
105841,21.77844880348079
105846,13.554864462910562
105857,28.7906067238612
105861,30.527632487131104
105863,25.158951577316603
105868,13.66325365410924
105874,24.74985786216043
105875,24.74985933816362
105883,11.543154183244344
105886,20.392949754952436
105887,8.490545382018006
105890,23.92752305050642
105896,0.1347852604640778
105916,14.146196126999914
105917,14.61001139062731
105919,42.92642647374997
105922,16.99249940758148
105945,9.469036070884904
105946,25.688839882050825
105947,16.184281158575008
105949,39.79526486710395
105957,10.254439631566036
105958,26.987006559073993
105962,16.231444745209448
105965,17.702479363902587
105967,15.225783222258297
105986,25.157969684901527
105997,12.69510114702161
106007,14.342159598301965
106014,19.52237442432857
106022,30.692397503561136
106027,16.410736900350347
106029,18.282687283931228
106037,39.99625124169418
106042,17.381968830866672
106046,29.70876983737703
106049,11.837793222687075
106069,28.718940863593165
106070,29.31458224209339
106079,29.429817479822933
106088,8.650681216903955
106089,19.65220963913372
106096,27.690838434347246
106104,31.41270350859104
106106,16.758888465926763
106108,9.561614311163474
106113,26.02520698026243
106127,19.91306016645834
106128,40.75497082396376
106135,26.801124613844227
106146,30.087632348734527
106151,19.239957939803706
106156,13.126971934100606
106160,12.4550612560257
106161,18.33621816707846
106164,15.955318444120824
106187,11.952608592546877
106191,25.850267033692806
106194,10.635864170209476
106199,12.693249229833025
106200,12.693250705836217
106204,32.19621077625308
106205,37.427845971386475
106210,29.56843451319209
106213,16.049159695466255
106214,11.574967730691107
106215,12.725711599195503
106217,26.377078409574022
106225,32.4196631729117
106226,24.349236210261335
106227,9.224208423972705
106230,20.80266017036833
106234,24.93749052250919
106252,9.99458847073155
106253,9.994589946734742
106257,17.10481579641905
106264,10.605841118947374
106269,29.807700940607635
106276,17.15132974523978
106280,16.723843671193382
106281,28.925828816768675
106285,16.673207751502535
106289,16.430756656497838
106291,27.818948955800867
106293,45.32305459546619
106311,6.721245795249452
106312,32.32732130649656
106320,19.497049798095592
106322,27.59436964589573
106324,21.69031133070951
106325,26.581864545042944
106326,34.51936459613327
106332,11.581464480107115
106333,15.239359237271007
106335,23.24062305358075
106336,23.240624529583943
106338,12.216354646651851
106341,6.736785959819137
106344,12.993667844601898
106349,16.16240000251327
106364,6.843005361072024
106366,10.67318781009596
106370,12.096575933829008
106376,22.15536312416376
106383,15.581423285287773
106389,24.782991076660284
106396,26.396129396030307
106397,26.3961308720335
106400,12.543843650072283
106407,14.65127489305436
106413,27.218215208345786
106414,10.801193246896535
106415,28.13307310932591
106431,30.927745015869522
106432,5.4600031626522
106440,34.147154334737635
106450,5.276544324620836
106466,8.327898003539822
106470,8.965457686771025
106473,10.58490651884874
106489,29.232047580118678
106493,10.073544373242406
106496,26.070702028214573
106512,18.811202192579987
106515,33.81132337952508
106519,15.616649631825968
106527,9.556924542677187
106529,35.865509497007025
106534,38.59007340669284
106537,17.125376037243928
106543,29.974997178308367
106550,11.515073803958103
106551,11.715281071202618
106557,18.917095247769726
106558,18.917096723772918
106560,1.7809511731492975
106564,37.723942152918795
106571,18.853148612208006
106576,32.51036131889654
106577,16.15802940210933
106580,19.63808246269809
106586,22.26867180758106
106589,16.031094465547017
106594,29.427156000959496
106598,26.22223736057681
106604,5.603172711391871
106614,21.896704868841173
106615,24.084195974673538
106617,48.577272395848254
106623,27.60641637936798
106625,9.718592272869184
106629,21.524490194521068
106633,35.6851346913451
106636,51.37546524221666
106653,38.92987132711498
106654,17.33113473124745
106658,22.814356429099153
106659,22.589210385504114
106660,27.40251938515343
106667,28.119791190293217
106671,25.880769859503506
106672,5.2768719973292235
106676,14.819086982404531
106680,5.994896904200139
106681,18.676711414685062
106682,7.1638132543476445
106688,24.826680375507703
106689,26.89154526628653
106695,21.328938161100655
106701,27.361656544983372
106703,22.774145829292383
106707,19.664098925257807
106710,23.419203038258107
106713,9.957006080612032
106714,14.413731533075453
106730,38.422981501013325
106731,28.087451628815334
106733,11.677701285497186
106744,17.303979343486706
106753,20.751860966466456
106761,30.770745264865273
106763,34.129010074499675
106775,25.531205645467328
106778,10.384720600249956
106782,24.241624421694116
106799,23.79947370033955
106804,17.794009596638343
106806,4.350305912414413
106808,8.017401739887362
106811,17.111971496763022
106818,18.128342576756896
106819,22.181840823497797
106824,26.057830406609217
106832,12.417464890720701
106833,8.883390442152162
106841,11.652297494658747
106844,19.332738254098306
106864,11.673860591418453
106865,22.488360945119542
106867,25.121829902035106
106876,12.895491105482698
106880,32.29975952175265
106886,25.433661066672148
106890,5.5476364693901346
106892,13.739489866572494
106902,7.287842167632711
106911,29.312863761866996
106916,11.113694162617602
106919,20.60416805427077
106922,8.731146660386337
106924,37.690842935583206
106926,20.128593684164645
106927,18.551335219891907
106936,22.269598566344644
106938,32.19909925499471
106941,19.380886584656846
106945,12.00945097700248
106949,18.417871817876662
106953,15.144193335041141
106959,16.13619900757313
106961,15.039774717388017
106964,22.030833321393363
106972,12.807207506642406
106978,6.0299336767149825
106986,18.751727821557484
106987,19.77667386289031
106988,18.95576085411722
106992,35.704904069872185
107005,27.600358969379716
107011,16.19399563617775
107016,18.670641880888486
107019,42.156295247770046
107020,20.416577250274553
107025,11.631672144196806
107026,21.923609346739344
107027,21.632853486683008
107028,11.232750310242643
107029,10.455250189672341
107030,17.608839247073117
107031,15.345711044709834
107037,30.526226074348738
107038,30.52622755035193
107041,24.81014187076315
107043,30.07200463967806
107046,14.793040096513554
107050,39.094717589987155
107052,29.06675070458819
107056,29.066756608600958
107058,22.2708280595723
107063,25.812484920175937
107069,25.321732909342263
107074,21.099261497418805
107077,18.65003071323908
107081,10.196351556973504
107082,15.851115467786688
107083,17.606088234039927
107093,11.72094048882196
107095,5.269807740281756
107098,17.316712242459122
107101,8.506021102363796
107103,18.229265195456183
107120,18.385959049838494
107130,8.349124691102809
107134,12.589330706813563
107136,25.10542261794166
107144,17.363153826366418
107146,25.39124237674101
107156,20.502965960867908
107164,18.651640065628403
107168,25.79715532301093
107183,16.426479506087954
107187,35.0908806824432
107193,24.11084713085899
107203,28.741089044375347
107204,13.530404358524883
107223,31.97027744192955
107237,24.10202456377107
107240,16.81056803789227
107243,44.35841707754771
107252,18.97126842236121
107254,29.172006694378876
107256,25.37519978548713
107259,24.99068882291024
107263,12.33924249950443
107265,9.951896833594816
107273,15.093461771485824
107274,15.093463247489016
107276,33.83034147708712
107278,10.682856633980464
107281,26.855421093488115
107283,23.01586534169076
107284,12.308568705932476
107290,40.72898366781695
107292,41.60461848867787
107295,9.329699960257976
107305,19.817778761945053
107309,10.21183145923812
107310,5.509274766612386
107311,20.46130967673135
107318,33.718040022903736
107325,8.289333581770556
107330,12.169366562705413
107331,23.133395109689847
107336,30.876023727367286
107339,16.69667221708733
107354,12.334711881718718
107356,27.634991049079392
107360,21.37316685601696
107366,20.679280669949353
107372,23.17335490827013
107377,23.046982165228638
107379,14.043265786125222
107381,10.260750057894136
107383,22.86005738292197
107394,27.40226076851471
107406,8.976550578087888
107409,37.90802146897245
107422,0.8716619668608487
107430,11.816223134515663
107435,13.440835742257185
107458,6.129567748179504
107459,29.693064935714762
107460,33.02583621616603
107463,24.18039851014895
107464,18.839198216247848
107465,14.716369384954152
107470,19.01591970277934
107479,8.152933127521003
107480,8.152934603524194
107483,9.045293075705075
107485,26.067083687157638
107487,20.368538239466854
107504,19.39212987089441
107509,18.4005660098687
107510,4.0351089821882695
107538,11.734319739067686
107541,25.426317924291244
107542,17.97970636619365
107543,7.3518874169877435
107545,4.263957697702452
107546,15.87278918353184
107547,15.872790659535031
107552,32.18921541200885
107579,8.664637874048484
107580,20.60262632730134
107581,10.642224988889836
107582,14.518602143494359
107589,12.685298241773094
107590,5.5732306418724065
107595,20.67726394813869
107596,24.86207637620441
107598,12.721908149015189
107606,30.409112194504278
107631,19.722378184093504
107634,23.02182791572348
107641,14.431689627426426
107646,29.973207536977146
107667,3.7086491068831506
107672,13.985021985409123
107678,8.615542026239758
107695,42.64583045565816
107697,5.242316423825706
107698,29.69047719036853
107709,28.088895159936033
107710,24.39122799759269
107723,13.708369706583333
107724,14.925129393368731
107728,24.527537251516083
107730,23.504001131626868
107737,10.067411874558793
107739,10.011554987819899
107740,7.547029078917127
107743,20.35113653465905
107744,19.369049465167596
107748,11.484743621538485
107751,12.907330627416119
107754,7.22689793562656
107756,14.162702590043647
107759,22.537817816178677
107760,33.74294619112695
107763,16.002446647799818
107765,13.306378271817927
107774,34.74559277695546
107776,25.756051873914547
107787,14.817701657596192
107790,30.08815980331679
107792,30.08816275532317
107793,30.088164231326363
107794,30.088165707329555
107798,8.8742800129206
107813,12.92498149092074
107827,11.980065134351456
107829,10.765811901184385
107832,26.643887708628814
107834,8.00768245995252
107835,23.948705262974197
107844,10.318987444854088
107848,20.800166150457674
107857,14.257058660852298
107876,27.609214697998883
107883,21.1571361497078
107888,27.1534967922144
107889,18.739099264346162
107892,26.82273725895654
107900,6.710534352406732
107903,11.288652850881302
107907,25.709009951673213
107909,11.315635348629979
107925,10.469220326316588
107938,15.096272621119422
107945,19.15124917393241
107951,22.319168955598446
107954,16.92939622006192
107955,17.63457899801971
107957,8.523085246678868
107959,13.59083634569533
107964,23.332571492101923
107982,15.266816002433533
107998,36.52189903214894
108002,11.214069222413599
108003,32.851740939247534
108004,16.325405304003016
108005,36.40779055122107
108031,18.444103999107444
108032,10.050228391010045
108037,26.629950389178692
108039,26.203217555899815
108040,26.203219031902993
108046,12.243732497281378
108055,27.250932273999116
108056,20.969873672692575
108057,29.559424449808265
108059,20.32960644634942
108061,16.034380115737182
108068,24.45584566793917
108072,9.338385906576104
108073,37.02655883177172
108077,25.839512775982573
108083,9.904874020618216
108086,33.09723117769407
108089,29.181061961261822
108091,40.95667739434424
108094,53.28921909581453
108101,38.32774340292198
108104,17.928548614128065
108105,17.928550090131257
108108,34.38841592639287
108111,21.54724103146182
108114,26.091232320979234
108119,10.687789952474937
108120,23.37190399453323
108128,9.640038255651831
108130,9.640041207658214
108133,10.638905551532368
108137,18.413587917326854
108140,10.540253655622998
108146,29.458916282328634
108155,32.60638851740208
108159,12.319518341840286
108161,31.404239831776504
108166,13.823246866618156
108171,19.786364769929808
108175,16.005977726043998
108176,20.602743463062883
108180,10.96525189418356
108186,21.789472697451362
108191,30.137332288425608
108198,37.43485168211926
108204,12.547116173970242
108207,18.39080234974499
108210,63.00681835420515
108224,14.69130962136207
108226,14.045713967470281
108232,24.488548828524433
108236,28.950371944541576
108239,25.926605366606584
108241,8.313377754840054
108247,17.76933089467197
108248,22.22735671639516
108250,13.727557625494534
108251,13.727559101497725
108256,11.515631051852036
108267,27.592581029934795
108271,27.592586933947562
108274,22.525172370882732
108275,14.10261054265698
108277,19.97740359548077
108278,18.102232606960957
108292,28.341116068309265
108295,11.332253056838049
108300,16.269449991438425
108304,2.9867162594173706
108306,16.352912363251644
108309,9.252724933942336
108314,13.552394335034041
108317,9.255046268259303
108325,8.376311609380487
108339,36.09498776120657
108344,17.500758120273066
108345,19.877946503505743
108353,15.900055906912701
108354,32.49575629443518
108356,40.10967692619954
108369,11.612279875085186
108390,6.5468655496067285
108397,21.992362798715124
108401,31.08617161630971
108403,23.22562052350712
108406,9.546543020574696
108408,21.621689484189123
108409,32.203876595743196
108416,17.448836850537614
108419,30.104779627259273
108420,26.726465527114687
108421,7.930229819277393
108422,15.022622149449251
108423,15.278674669780596
108430,29.82868245742775
108433,20.71506284317522
108451,6.900515563713519
108470,12.918092686361405
108474,21.253991369239433
108488,16.038507186105935
108492,25.16981262366617
108495,28.70360957407279
108499,12.061912947717385
108501,17.091391599791425
108514,26.723863215122027
108516,16.73288842607479
108517,18.421487568554443
108519,18.60968296978159
108522,6.3255258743782505
108527,7.250408241181603
108532,33.54612348395027
108533,43.1193960061691
108534,17.315874467164083
108535,26.238570236883692
108537,12.217567138619351
108538,14.062791738875209
108541,6.154249329491019
108543,32.289555519614154
108546,11.703621692086077
108547,13.844738909770395
108548,18.687432784506004
108549,8.53937854844935
108552,20.74135881585426
108560,10.106521372990734
108563,10.68159727260361
108567,24.10628317737802
108570,26.4440256226051
108580,22.54775252439703
108582,21.178564665899362
108585,26.871973686721635
108586,31.200190035385024
108592,15.31942443307415
108595,6.898221861843211
108596,20.0135695211015
108597,14.684383809588358
108604,3.163252706607871
108609,10.13081844579509
108613,9.056642652986639
108636,28.30386621530352
108651,9.33170142058485
108654,7.688308007509299
108663,20.617174777939926
108664,20.091053357807713
108668,6.418257596659139
108670,-1.3847777878338121
108671,11.399771337905982
108679,31.530264534282924
108683,22.97731797822966
108689,17.937910963174335
108692,12.716147992130708
108694,32.30885736149838
108695,20.04895101014839
108699,32.815307335419746
108702,6.664342259179719
108711,18.972849309111833
108726,3.8390167407406395
108728,23.01186895075711
108736,35.22339973967904
108738,20.752071650795518
108744,11.963950093690773
108750,28.018822181360857
108761,16.98638566830819
108762,33.28930740401121
108771,20.419161731861838
108772,17.596024233244695
108775,22.914554891986757
108778,15.801137209396689
108782,19.57380472432958
108789,47.045517255398096
108794,25.663717258081707
108798,36.16874501460909
108799,17.379940095785447
108800,17.379941571788624
108803,29.15990481948717
108807,5.7804868648775525
108810,24.253335402715184
108813,13.505436147712224
108814,13.505437623715416
108819,25.949612340226768
108822,23.910442504418302
108832,22.969947455433402
108838,21.926253627330656
108841,19.287244659624516
108850,12.467265806984553
108852,32.074647797103566
108856,26.78273888174299
108879,18.100191673926876
108890,31.68326548594
108892,32.198043466142266
108895,13.014108664770035
108901,25.940592389831014
108910,7.847414092189709
108912,14.22961038834767
108924,44.44030006108372
108927,15.220197646198447
108940,16.836420413152783
108943,26.63404065157953
108947,16.243251549075584
108954,15.998335007071855
108964,8.323258908372175
108967,3.9741612236808734
108968,33.962627401855414
108974,25.272271187458262
108981,29.281051311737745
108986,56.82623510618663
108993,10.778412521484565
108997,16.296682085189385
109001,43.14628539972797
109009,6.962297863504084
109013,35.764498283716534
109020,22.706306709216502
109021,19.721392599981517
109023,19.394371919741406
109028,37.28750418786288
109034,13.75407289545204
109038,34.76946843225656
109043,32.60234065794259
109044,25.381601347914742
109050,25.251492862113476
109054,13.02416017285811
109058,36.03339756850272
109069,7.871918244590269
109071,11.173182435878708
109072,11.070806892530658
109074,41.595753784255436
109089,16.637851319358102
109091,19.595231646878435
109101,18.491061774576
109107,13.9850485399887
109108,22.410089858445733
109114,29.692897783534566
109116,4.522163839532702
109134,21.550764406018434
109139,23.070583393547306
109146,10.778638349972777
109150,17.433120505930393
109154,23.12822684311241
109155,26.765229851988583
109178,22.95570909000281
109182,19.80454306966465
109189,13.136853709082892
109195,26.618436156626434
109202,9.46017990033728
109211,27.87909132615069
109212,3.9000429806120636
109218,20.382539763965088
109219,18.176400247798046
109220,25.2434664362189
109221,25.56494904619387
109223,32.27922899808911
109224,24.548940618885513
109226,24.82760892043977
109230,9.589930395635374
109233,7.304950810842627
109237,36.75033547352983
109242,6.947234128647072
109243,28.48212141384278
109246,15.499125873920324
109247,27.671775489817623
109250,12.696729333948383
109252,23.147905141404454
109254,15.228534016313038
109258,41.76664226908616
109266,10.727898015990416
109277,12.83726977833961
109281,18.426578272798825
109287,19.943724907778762
109289,13.30862770068088
109292,16.690584133139684
109301,14.700954602759833
109303,6.365221519079995
109307,20.947305001844942
109308,18.364514973130472
109316,22.158764687238335
109317,29.353815437651765
109320,32.93361225704007
109333,22.335840753014157
109335,12.812487153995
109340,26.657858600079603
109343,25.192905834794008
109346,18.348099494486977
109349,20.94399370841897
109353,17.991557243746147
109364,25.468361314884678
109366,17.59095295496034
109374,17.755142579661
109375,32.37127295904983
109377,24.123772146716018
109378,14.902722941783903
109380,16.169835628048443
109381,37.14403156660768
109385,30.30197134914965
109395,27.546539105779434
109400,19.935234000818074
109401,19.813575821854474
109407,13.454537576619558
109411,10.776040930968247
109418,27.2003399546828
109435,17.638252346961824
109437,31.40626736646468
109442,27.82234285125465
109445,6.827527372321349
109470,29.144087563306055
109471,11.487392273161145
109481,11.767501887691019
109482,12.630202695900003
109494,16.697164526744924
109497,15.750168042144043
109505,20.755647142660354
109511,25.390966482119612
109512,32.019790288000436
109519,4.961388036801161
109522,14.07325008622389
109527,16.446202962516654
109537,21.03506978063928
109542,10.60633084345832
109548,9.889069351748965
109549,9.889070827752157
109553,22.94504829299598
109554,18.15688638791973
109556,20.436821996265312
109558,31.25758803291075
109567,47.05168090318877
109577,25.839122920141275
109583,38.05633801306115
109584,38.05633948906434
109593,19.73697530375814
109599,10.571663678293817
109602,15.664682896735844
109605,21.94895142319263
109613,18.82647973232945
109619,20.69503217226001
109621,22.304571827325194
109637,18.406015335392244
109647,18.171459810041544
109655,17.09586185798454
109659,33.161319258431746
109666,25.448109347908844
109668,26.59539555237909
109676,9.088471499108287
109677,0.2536241828306629
109685,17.07253480774205
109687,11.638983384777
109695,35.81106913327679
109701,18.260519526503064
109704,30.02128064041145
109705,23.442931794211663
109706,25.059028997928888
109708,23.948551883255018
109710,23.148581150865898
109712,17.414227153807122
109716,11.921403751763414
109722,22.94736742675394
109723,15.268368626903023
109726,33.524796852658994
109728,31.246294637556705
109732,22.407830065253616
109743,10.52951496435982
109744,10.785160007113621
109749,37.8084846392821
109756,26.910431138739785
109762,24.732762729793865
109763,23.071279858373916
109772,13.720950165515745
109774,13.720953117522129
109780,25.690100553881155
109783,18.43974372074209
109785,29.07761128972982
109801,22.05443921948643
109805,25.1019482697011
109808,25.111290340537753
109820,14.296184364754769
109828,13.317989806477648
109831,19.002169242301367
109832,23.759478479631827
109834,18.46351749028864
109854,5.730388297583708
109862,31.762632644168793
109867,25.325619923711375
109870,19.383373567844895
109876,30.4834848493585
109877,4.807924558819799
109879,23.395790581034124
109882,11.171599438703936
109890,5.824655333085396
109893,23.258870520805065
109896,8.510146531282388
109899,15.66513881955655
109900,15.51274328775688
109904,18.53792339435724
109909,19.693020910268988
109910,10.046023114439848
109913,19.473766505982884
109914,28.54284913468516
109915,12.050655759082243
109922,8.736246900267677
109935,11.36715966776108
109937,30.92375755389131
109940,21.202783005918125
109946,9.642292525341905
109951,35.21043927529914
109960,20.584373305286636
109965,23.734284507392903
109969,20.152063622911893
109973,14.406947604186715
109979,27.034184686138236
109984,47.202381506631724
109990,19.01148723565313
109993,8.987595338731019
110003,22.51363232451028
110021,27.061912679609588
110024,23.476439349408164
110039,51.310842041897786
110047,4.92235532351966
110048,19.92500936914924
110057,17.12727480824549
110062,14.105701372309657
110063,14.105702848312848
110068,19.664063529280543
110072,4.770306206191314
110074,21.311448116900085
110078,25.262905321495655
110081,14.584019066714806
110084,25.614802636441556
110087,12.743519363439127
110092,17.71245358110882
110100,11.639592974094839
110101,34.276828135863866
110102,7.986387714886227
110114,7.512417904893759
110120,23.362858295003274
110122,32.85085657543591
110127,51.50344915984073
110130,17.61250340748406
110143,10.633250287073277
110145,34.709743441736975
110152,29.097666437886357
110153,7.115499009366268
110169,22.15608572723374
110180,13.744342965064202
110181,16.023991342791692
110182,19.570459264038423
110184,16.881269426782996
110191,10.662104690041353
110199,25.820535729837044
110200,11.911435163076426
110219,12.561368309912538
110221,34.841689098713616
110223,23.28328350165157
110226,7.106764596321717
110235,16.809229596390782
110238,25.648554265239216
110244,11.810872705279717
110262,28.0802044898705
110266,10.964157595160632
110269,4.817410753506508
110271,33.7431223348235
110277,24.87028010247472
110285,22.024902363355903
110287,22.02490531536228
110289,24.412865563389484
110297,20.86594938942581
110301,17.184502809254173
110309,51.6064361063889
110310,25.77646475115579
110316,14.326950584106722
110317,4.172710344893908
110318,28.897107256883476
110320,9.203932995388566
110321,32.679165195772754
110325,20.25850803301609
110329,14.533366268600975
110332,19.31266168471844
110336,15.710438818242555
110339,25.325056886046863
110346,26.619369616967216
110355,15.03087803380463
110376,15.512251787738709
110394,7.244166763147817
110396,24.850784798921726
110401,4.323120670024309
110403,22.8177628462151
110404,16.947715952439427
110406,8.122495570538952
110413,32.32176747858654
110414,29.08244154499138
110416,20.3843080157878
110417,43.3742739438744
110424,19.556492301995338
110426,12.14501371553412
110428,4.991987974953489
110432,4.808743740590749
110435,17.49953628883623
110443,17.540007669721813
110446,25.61242039586504
110451,8.792657687071621
110453,30.17355892606974
110455,11.700985018043163
110464,30.66121587287471
110469,26.775551032225753
110473,23.94015469124309
110475,20.85894578431483
110478,16.377810808747714
110482,11.748676078004827
110496,9.485147556499332
110499,29.038768555255803
110506,34.30746565290741
110513,16.38095118336034
110514,10.533669541841512
110538,5.131294924103443
110539,44.811831893800615
110540,44.81183336980381
110542,29.39189612431142
110543,25.18719732089345
110544,4.725823794160682
110546,8.389275227476283
110551,43.53588273493217
110552,37.63205945647455
110557,32.24383349442219
110559,17.40815781734513
110560,18.92762672515588
110565,31.69383922511445
110567,22.245183658023127
110568,17.843054178875203
110572,11.393075366917298
110576,5.274443872418175
110581,5.07696137985937
110582,22.900707965910964
110590,26.804816961564665
110591,23.483983257623617
110593,13.779796335300016
110595,24.773208262486055
110599,32.26131500041761
110600,18.948226324751918
110603,24.556879303622264
110608,20.823252347155186
110611,29.518797792258116
110612,19.39671728881176
110616,18.774612270840844
110618,5.851083929904448
110619,21.694046282956148
110621,32.91853720155497
110622,10.224940307678278
110623,5.887126295241828
110635,4.524405888379697
110637,33.82536787312473
110641,27.85463424231204
110645,14.234668475392514
110646,30.704901502323896
110650,22.4202148334218
110652,13.535493617527145
110657,15.50071297075819
110658,35.10653904909391
110659,18.663358260540914
110668,15.427204014122427
110669,19.21936927332941
110677,22.962123399317573
110680,36.1297392281151
110682,19.588250667009394
110695,30.36497942646943
110696,13.921166503620466
110702,15.233862758309744
110706,15.646616861965061
110724,15.911498692643516
110725,15.911500168646707
110732,33.015635597233015
110734,28.2375265242321
110735,10.548747632349297
110756,4.472771132124073
110762,8.66774150283532
110763,35.4655743589221
110771,24.53940567576429
110778,22.918643877196235
110780,12.817029194545533
110785,34.68824213912849
110795,22.78114477607755
110799,10.274035198022773
110801,13.257211922507672
110808,30.37683609239031
110810,18.67383000924821
110813,8.67738431874135
110815,18.67319343271838
110821,31.377783992912672
110822,23.293279072032053
110829,20.675004765109794
110834,32.7728037766519
110835,9.57631528823509
110837,9.71572991981828
110840,13.705478545180757
110841,27.13282416306618
110844,24.12949481707707
110845,8.969327103106288
110847,8.969330055112671
110857,14.605149969714521
110868,15.158289215356053
110871,4.8655815107643505
110877,17.38636334735887
110881,21.09881117904715
110883,7.669429551522235
110889,38.29732478811607
110895,12.820681233314637
110896,29.594825028534533
110900,19.37022398149632
110905,36.309538271080754
110906,31.75268654380685
110907,37.63033406068921
110920,21.05720002610205
110921,19.85481747050427
110923,22.57227664940932
110939,23.533001449999478
110940,23.53300292600267
110942,24.554157641919236
110945,11.077141899677905
110953,29.594482798143904
110959,28.601196927158565
110966,24.730535502508747
110967,24.261810241426627
110969,12.13572468851126
110984,16.56571409799975
110988,16.368647034819805
110990,48.29953356057861
111005,20.666314756368454
111006,23.579318901227285
111008,28.979384743025793
111026,12.187464558362255
111028,17.73302046787357
111029,33.24730166186181
111041,17.464514316362912
111060,9.052120414269332
111062,14.278960650336796
111065,9.23580658676779
111072,21.81071444286015
111080,25.437413984100477
111081,11.030545605304802
111084,20.249538195415266
111090,43.15501580817207
111092,9.513662088483294
111104,22.783690487193358
111108,36.247690724070225
111109,36.247692200073416
111132,37.589369243933945
111148,7.962208562213931
111150,20.015594261119173
111152,15.86274281857239
111163,11.403461928335126
111167,4.170806574014712
111170,10.168448761115467
111176,19.00121063919271
111178,16.172624625994107
111184,33.72845727913892
111185,16.381943057504632
111204,15.332627456045014
111209,31.848362123754388
111210,11.340994317901693
111212,29.064289639041196
111222,19.293484377439004
111225,32.404884538188824
111232,24.390805957576152
111234,19.182674628214148
111238,9.382244144497406
111243,33.59959754762242
111247,15.685168724644189
111250,18.301982042588097
111251,18.301983518591282
111254,18.301987946600857
111265,25.399734952567588
111267,13.88714171752751
111270,20.593448890184906
111272,20.988407513203345
111273,20.988408989206537
111274,33.585673328280095
111284,19.29213525171058
111294,38.9997737803114
111299,24.714293081791883
111301,6.078718930688613
111313,12.811611974500156
111317,17.668502636855326
111322,34.574356636197706
111330,3.8182521393149713
111338,34.32410675179571
111339,38.60579691980935
111351,26.735993419138932
111353,26.735996371145315
111361,27.638015669087043
111365,25.505302390265985
111368,25.953632134300417
111369,22.865094932590555
111372,12.548133201322361
111375,11.577691697017666
111380,27.525229666931995
111385,15.896284813869318
111392,19.843142515624837
111396,11.546606700070633
111407,17.031351184468118
111410,14.743031281881432
111412,6.349737542571425
111419,6.050725851622101
111424,32.28404411172579
111436,13.166460420112976
111448,30.436037177455578
111450,16.278988702945288
111451,25.12881773320319
111453,5.782496061950837
111455,39.00724163316109
111461,1.373111221501233
111462,13.61007349805977
111465,26.498681860497708
111468,17.70772916034804
111470,20.958983249236393
111471,32.0085078706465
111484,14.126645128290452
111486,15.809318905888052
111491,22.690671887552984
111503,29.882914775935934
111510,10.199883255210214
111522,5.225467155813369
111529,26.76456617136255
111541,32.25267014393462
111545,30.487673580461152
111557,13.724780787899427
111562,13.63703613212515
111565,2.5576295328560406
111570,24.365093004324738
111575,22.24868707051267
111578,19.751675330116402
111581,8.45655491743409
111583,10.72287766053013
111584,13.033424642017415
111587,26.350319551457705
111589,21.693938030784697
111593,18.966269841603843
111596,22.933188242167663
111598,8.981761860247452
111600,32.50302469021641
111602,3.364307854303952
111610,14.728865615323873
111611,14.673505154263719
111614,23.134836357412023
111621,15.855215219540444
111622,14.259496335420298
111627,8.763603248972046
111635,32.78096616876786
111641,35.533155132340326
111643,13.678668364339508
111659,38.143512255613985
111661,34.70460296065521
111665,13.259653557271797
111669,18.491515570033375
111671,19.512663697315606
111674,15.651485355961523
111679,11.500723332821824
111690,7.9261537935710145
111693,9.773770842458969
111697,16.439461695125775
111698,15.82226467361939
111701,15.335844145306059
111702,19.679045521960955
111703,16.236620568437903
111710,30.05109354301349
111711,20.290234705630223
111712,21.721074286141086
111725,24.392895414690745
111726,28.529501699949893
111732,17.795976086060623
111734,18.71446540170849
111738,12.62844768984792
111748,2.7909708364700094
111754,15.886169421062707
111766,27.255415676843757
111768,39.47479963547727
111773,48.71664831540018
111777,24.334485627681016
111781,20.374797521412415
111787,12.242327498076996
111792,23.375092812141173
111811,26.858019693978523
111812,24.15989991280014
111820,26.07380079242557
111823,23.05479653062581
111828,38.68801938923596
111837,16.076590925466707
111838,23.29682085703833
111840,28.35439152810334
111847,30.998494248191708
111848,36.6946731403019
111867,22.39242257319022
111871,26.87397451603886
111877,5.8166143809229
111878,33.775449071772954
111880,25.37076050190426
111884,21.817168443360632
111889,17.189813801873473
111890,30.73674700019855
111895,10.365290452076785
111899,7.522732751591882
111901,20.99718882155071
111911,25.919681892574207
111916,15.647224604927775
111921,10.25860833882684
111935,18.948567790027358
111939,11.628720068214541
111940,25.207107297539086
111948,15.304597427676374
111953,14.954390843594158
111954,16.961034306546825
111964,4.531818959687136
111969,14.187829544284885
111970,22.815437988911224
111973,10.948705621844429
111978,18.57650794918197
111980,28.769302843652202
111985,21.145501280075326
111988,19.853094309685428
111993,14.72790215094756
111996,16.986159925637384
111998,16.368881026305974
112002,6.222543909137265
112003,5.367700796431485
112005,21.713201544206033
112010,11.184304469940422
112013,40.91663435067737
112016,16.192804824801787
112023,38.38273489800366
112026,43.69334036244172
112033,33.54208051536112
112035,9.536543349262509
112038,9.308582566986367
112043,17.536819275707263
112045,33.13528272046615
112052,28.88650164059322
112058,11.595470537399947
112061,36.94101030366376
112065,29.590728072606428
112068,31.638868075666426
112070,26.646503769802226
112074,10.67467744489516
112075,16.71024220392002
112076,13.078639997032571
112084,5.213443462845795
112086,34.69229718990138
112089,34.36013343016434
112093,10.049245229405606
112095,30.81336259215087
112097,24.183634798326285
112098,42.49599132002804
112115,28.953281329576416
112118,25.737713882721092
112119,20.439732292623734
112126,18.78557428955418
112129,15.928501805489052
112132,11.149888236250465
112133,29.385430788091025
112140,17.870270705329293
112148,4.794208272337208
112154,21.244658121869772
112158,12.298908848016136
112165,21.787345540843422
112167,23.268672608771087
112177,12.631452494183293
112193,20.76234475684814
112202,22.566319848562262
112205,11.580216249686885
112211,29.427535429147145
112216,18.956893546999968
112217,51.44613613536846
112220,18.541341817747384
112221,26.963517153426057
112223,30.414530001671654
112225,22.445308587524128
112229,9.929812759082829
112240,25.299188760663267
112251,30.350066181259617
112254,13.781906721660995
112256,8.393404724379636
112261,19.323511092701853
112262,28.587940546688127
112263,24.793618784833587
112264,36.168993999572834
112270,15.61014959658937
112273,7.607182077125799
112278,8.307351181390068
112284,15.397986025069809
112300,8.336509006155588
112301,27.513788617971695
112304,18.57274829860484
112306,19.74190210654834
112312,30.421688235988487
112315,34.3484101424186
112322,16.520439128945828
112329,18.298991986474324
112331,13.306447032331707
112333,11.311578262974542
112334,18.16422538151416
112351,17.699130763657113
112354,33.169429109160646
112356,21.09693587244654
112359,54.19723289295446
112363,20.253044970609682
112365,17.481149664571408
112367,24.614520787721833
112370,18.065820264916187
112379,32.328675612370915
112381,26.370264109630195
112397,22.625083484356868
112408,10.312953542423397
112413,15.831045217103114
112420,17.12128151863853
112422,22.813601124577435
112424,39.13619284362014
112432,7.038272577428295
112437,14.590134364015174
112438,18.481998517860735
112443,18.5486096221096
112445,16.05926926944967
112446,16.62192765576903
112451,24.296013332170862
112461,10.723523515174115
112470,27.910404080432723
112472,42.44052282937879
112475,12.521808363399455
112487,14.78864172137165
112492,23.508450422466662
112493,16.846411524111712
112495,6.782069761463127
112502,6.552934874727754
112503,17.25520458866802
112511,15.84811614395544
112513,17.157215865682563
112517,24.07355886443376
112530,11.483719372885691
112532,17.292698825397213
112536,28.771001722752093
112541,14.381931016520848
112545,4.384590759036051
112549,-0.23595691649936867
112553,37.165527850732516
112570,18.103454197080342
112572,16.740324414967763
112576,13.785611680268875
112578,18.48315355772672
112579,7.3868786879202375
112583,24.45052528199268
112590,7.400390848362143
112593,16.727271659005613
112596,13.187897623614997
112599,26.36204173734816
112606,21.584376990574196
112614,14.591204750661834
112615,16.27848855731045
112622,34.38029066849239
112631,11.19087423074118
112642,27.48149356520045
112644,22.40594120859905
112646,36.225827862262136
